alfa =  0.61087
beta =  1.1694
gamma =  0.41888
rx =

   1.00000   0.00000   0.00000
   0.00000   0.81915   0.57358
   0.00000  -0.57358   0.81915

ry =

   0.39073   0.00000  -0.92050
   0.00000   1.00000   0.00000
   0.92050   0.00000   0.39073

rz =

   0.91355   0.40674   0.00000
  -0.40674   0.91355   0.00000
   0.00000   0.00000   1.00000

retval =

   0.35695   0.15892  -0.92050
   0.14915   0.96308   0.22411
   0.92214  -0.21730   0.32007

MROT =

   0.35695   0.15892  -0.92050
   0.14915   0.96308   0.22411
   0.92214  -0.21730   0.32007

rx =

   1   0   0
   0   1   0
   0   0   1

ry =

   1   0   0
   0   1   0
   0   0   1

rz =

   0.48101  -0.87671   0.00000
   0.87671   0.48101   0.00000
   0.00000   0.00000   1.00000

retval =

   0.48101  -0.87671   0.00000
   0.87671   0.48101   0.00000
   0.00000   0.00000   1.00000

MROT2 =

   0.48101  -0.87671   0.00000
   0.87671   0.48101   0.00000
   0.00000   0.00000   1.00000

------ Syriusz ------
rad =  101.29
retval =  1.7678
retval =  1.7678
ra =  1.7678
rad =  16.716
retval =  0.29175
retval = -0.29175
dc = -0.29175
x =

    6.0000   45.0000    8.9170

y =

   -1.0000   16.0000   42.0000   58.0200

rad =  101.29
retval =  1.7678
retval =  1.7678
refX =  1.7678
rad =  16.716
retval =  0.29175
retval = -0.29175
refY = -0.29175
outmatrixC =

Diagonal Matrix

   1   0   0
   0   1   0
   0   0   1
   0   0   0
   0   0   0
   0   0   0
   0   0   0
   0   0   0
   0   0   0

res =

   0
   0
   0

res =

  -0.18746
   0.00000
   0.00000

res =

  -0.18746
   0.93922
   0.00000

res =

  -0.18746
   0.93922
  -0.28763

retval =

  -0.18746
   0.93922
  -0.28763

ref =

  -0.18746
   0.93922
  -0.28763

i = 0
t = 0
dT =  30
deltaT = 0
rad = 0
retval =

   1   0   0
   0   1   0
   0   0   1

rotTime =

   1   0   0
   0   1   0
   0   0   1

ret =

   0
   0
   0

mm =  1
ret =

  -0.18746
   0.00000
   0.00000

ret =

  -0.18746
   0.93922
   0.00000

ret =

  -0.18746
   0.93922
  -0.28763

retval =

  -0.18746
   0.93922
  -0.28763

newRef =

  -0.18746
   0.93922
  -0.28763

ret =

   0
   0
   0

mm =  1
ret =

   0.34712
   0.00000
   0.00000

ret =

   0.34712
   0.81212
   0.00000

ret =

   0.34712
   0.81212
  -0.46901

retval =

   0.34712
   0.81212
  -0.46901

ob =

   0.34712
   0.81212
  -0.46901

outmatrixC =

Diagonal Matrix

  -0.18746         0         0
         0   1.00000         0
         0         0   1.00000
         0         0         0
         0         0         0
         0         0         0
         0         0         0
         0         0         0
         0         0         0

outmatrixC =

  -0.18746   0.00000   0.00000
   0.93922   1.00000   0.00000
   0.00000   0.00000   1.00000
   0.00000   0.00000   0.00000
   0.00000   0.00000   0.00000
   0.00000   0.00000   0.00000
   0.00000   0.00000   0.00000
   0.00000   0.00000   0.00000
   0.00000   0.00000   0.00000

outmatrixC =

  -0.18746   0.00000   0.00000
   0.93922   1.00000   0.00000
  -0.28763   0.00000   1.00000
   0.00000   0.00000   0.00000
   0.00000   0.00000   0.00000
   0.00000   0.00000   0.00000
   0.00000   0.00000   0.00000
   0.00000   0.00000   0.00000
   0.00000   0.00000   0.00000

outmatrixC =

  -0.18746   0.00000   0.00000
   0.93922   1.00000   0.00000
  -0.28763   0.00000   1.00000
   0.34712   0.00000   0.00000
   0.00000   0.00000   0.00000
   0.00000   0.00000   0.00000
   0.00000   0.00000   0.00000
   0.00000   0.00000   0.00000
   0.00000   0.00000   0.00000

outmatrixC =

  -0.18746   0.00000   0.00000
   0.93922   1.00000   0.00000
  -0.28763   0.00000   1.00000
   0.34712   0.00000   0.00000
   0.81212   0.00000   0.00000
   0.00000   0.00000   0.00000
   0.00000   0.00000   0.00000
   0.00000   0.00000   0.00000
   0.00000   0.00000   0.00000

outmatrixC =

  -0.18746   0.00000   0.00000
   0.93922   1.00000   0.00000
  -0.28763   0.00000   1.00000
   0.34712   0.00000   0.00000
   0.81212   0.00000   0.00000
  -0.46901   0.00000   0.00000
   0.00000   0.00000   0.00000
   0.00000   0.00000   0.00000
   0.00000   0.00000   0.00000

outmatrixC =

  -0.18746   0.00000   0.00000
   0.93922   1.00000   0.00000
  -0.28763   0.00000   1.00000
   0.34712   0.00000   0.00000
   0.81212   0.00000   0.00000
  -0.46901   0.00000   0.00000
   0.00000   0.00000   0.00000
   0.00000   0.00000   0.00000
   0.00000   0.00000   0.00000

r =  1
s =

   66.857  -27.970

outmatrixC =

   -0.18746    0.00000    0.00000
    0.93922    1.00000    0.00000
   -0.28763    0.00000    1.00000
    0.34712    0.00000    0.00000
    0.81212    0.00000    0.00000
   -0.46901    0.00000    0.00000
    0.00000    0.00000    0.00000
   66.85714    0.00000    0.00000
    0.00000    0.00000    0.00000

outmatrixC =

   -0.18746    0.00000    0.00000
    0.93922    1.00000    0.00000
   -0.28763    0.00000    1.00000
    0.34712    0.00000    0.00000
    0.81212    0.00000    0.00000
   -0.46901    0.00000    0.00000
    0.00000    0.00000    0.00000
   66.85714    0.00000    0.00000
  -27.96994    0.00000    0.00000

i =  1
deltaT =  30
rad =  0.0021817
retval =

   1.00000   0.00218   0.00000
  -0.00218   1.00000   0.00000
   0.00000   0.00000   1.00000

rotTime =

   1.00000   0.00218   0.00000
  -0.00218   1.00000   0.00000
   0.00000   0.00000   1.00000

ret =

   0
   0
   0

mm =  1
ret =

  -0.18541
   0.00000
   0.00000

ret =

  -0.18541
   0.93962
   0.00000

ret =

  -0.18541
   0.93962
  -0.28763

retval =

  -0.18541
   0.93962
  -0.28763

newRef =

  -0.18541
   0.93962
  -0.28763

ret =

   0
   0
   0

mm =  1
ret =

   0.34791
   0.00000
   0.00000

ret =

   0.34791
   0.81282
   0.00000

ret =

   0.34791
   0.81282
  -0.46721

retval =

   0.34791
   0.81282
  -0.46721

ob =

   0.34791
   0.81282
  -0.46721

outmatrixC =

   -0.18746   -0.18541    0.00000
    0.93922    1.00000    0.00000
   -0.28763    0.00000    1.00000
    0.34712    0.00000    0.00000
    0.81212    0.00000    0.00000
   -0.46901    0.00000    0.00000
    0.00000    0.00000    0.00000
   66.85714    0.00000    0.00000
  -27.96994    0.00000    0.00000

outmatrixC =

   -0.18746   -0.18541    0.00000
    0.93922    0.93962    0.00000
   -0.28763    0.00000    1.00000
    0.34712    0.00000    0.00000
    0.81212    0.00000    0.00000
   -0.46901    0.00000    0.00000
    0.00000    0.00000    0.00000
   66.85714    0.00000    0.00000
  -27.96994    0.00000    0.00000

outmatrixC =

   -0.18746   -0.18541    0.00000
    0.93922    0.93962    0.00000
   -0.28763   -0.28763    1.00000
    0.34712    0.00000    0.00000
    0.81212    0.00000    0.00000
   -0.46901    0.00000    0.00000
    0.00000    0.00000    0.00000
   66.85714    0.00000    0.00000
  -27.96994    0.00000    0.00000

outmatrixC =

   -0.18746   -0.18541    0.00000
    0.93922    0.93962    0.00000
   -0.28763   -0.28763    1.00000
    0.34712    0.34791    0.00000
    0.81212    0.00000    0.00000
   -0.46901    0.00000    0.00000
    0.00000    0.00000    0.00000
   66.85714    0.00000    0.00000
  -27.96994    0.00000    0.00000

outmatrixC =

   -0.18746   -0.18541    0.00000
    0.93922    0.93962    0.00000
   -0.28763   -0.28763    1.00000
    0.34712    0.34791    0.00000
    0.81212    0.81282    0.00000
   -0.46901    0.00000    0.00000
    0.00000    0.00000    0.00000
   66.85714    0.00000    0.00000
  -27.96994    0.00000    0.00000

outmatrixC =

   -0.18746   -0.18541    0.00000
    0.93922    0.93962    0.00000
   -0.28763   -0.28763    1.00000
    0.34712    0.34791    0.00000
    0.81212    0.81282    0.00000
   -0.46901   -0.46721    0.00000
    0.00000    0.00000    0.00000
   66.85714    0.00000    0.00000
  -27.96994    0.00000    0.00000

outmatrixC =

   -0.18746   -0.18541    0.00000
    0.93922    0.93962    0.00000
   -0.28763   -0.28763    1.00000
    0.34712    0.34791    0.00000
    0.81212    0.81282    0.00000
   -0.46901   -0.46721    0.00000
    0.00000   30.00000    0.00000
   66.85714    0.00000    0.00000
  -27.96994    0.00000    0.00000

r =  1
s =

   66.827  -27.853

outmatrixC =

   -0.18746   -0.18541    0.00000
    0.93922    0.93962    0.00000
   -0.28763   -0.28763    1.00000
    0.34712    0.34791    0.00000
    0.81212    0.81282    0.00000
   -0.46901   -0.46721    0.00000
    0.00000   30.00000    0.00000
   66.85714   66.82746    0.00000
  -27.96994    0.00000    0.00000

outmatrixC =

   -0.18746   -0.18541    0.00000
    0.93922    0.93962    0.00000
   -0.28763   -0.28763    1.00000
    0.34712    0.34791    0.00000
    0.81212    0.81282    0.00000
   -0.46901   -0.46721    0.00000
    0.00000   30.00000    0.00000
   66.85714   66.82746    0.00000
  -27.96994  -27.85313    0.00000

i =  2
deltaT =  60
rad =  0.0043633
retval =

   0.99999   0.00436   0.00000
  -0.00436   0.99999   0.00000
   0.00000   0.00000   1.00000

rotTime =

   0.99999   0.00436   0.00000
  -0.00436   0.99999   0.00000
   0.00000   0.00000   1.00000

ret =

   0
   0
   0

mm =  1
ret =

  -0.18336
   0.00000
   0.00000

ret =

  -0.18336
   0.94003
   0.00000

ret =

  -0.18336
   0.94003
  -0.28763

retval =

  -0.18336
   0.94003
  -0.28763

newRef =

  -0.18336
   0.94003
  -0.28763

ret =

   0
   0
   0

mm =  1.00000
ret =

   0.34871
   0.00000
   0.00000

ret =

   0.34871
   0.81351
   0.00000

ret =

   0.34871
   0.81351
  -0.46540

retval =

   0.34871
   0.81351
  -0.46540

ob =

   0.34871
   0.81351
  -0.46540

outmatrixC =

   -0.18746   -0.18541   -0.18336
    0.93922    0.93962    0.00000
   -0.28763   -0.28763    1.00000
    0.34712    0.34791    0.00000
    0.81212    0.81282    0.00000
   -0.46901   -0.46721    0.00000
    0.00000   30.00000    0.00000
   66.85714   66.82746    0.00000
  -27.96994  -27.85313    0.00000

outmatrixC =

   -0.18746   -0.18541   -0.18336
    0.93922    0.93962    0.94003
   -0.28763   -0.28763    1.00000
    0.34712    0.34791    0.00000
    0.81212    0.81282    0.00000
   -0.46901   -0.46721    0.00000
    0.00000   30.00000    0.00000
   66.85714   66.82746    0.00000
  -27.96994  -27.85313    0.00000

outmatrixC =

   -0.18746   -0.18541   -0.18336
    0.93922    0.93962    0.94003
   -0.28763   -0.28763   -0.28763
    0.34712    0.34791    0.00000
    0.81212    0.81282    0.00000
   -0.46901   -0.46721    0.00000
    0.00000   30.00000    0.00000
   66.85714   66.82746    0.00000
  -27.96994  -27.85313    0.00000

outmatrixC =

   -0.18746   -0.18541   -0.18336
    0.93922    0.93962    0.94003
   -0.28763   -0.28763   -0.28763
    0.34712    0.34791    0.34871
    0.81212    0.81282    0.00000
   -0.46901   -0.46721    0.00000
    0.00000   30.00000    0.00000
   66.85714   66.82746    0.00000
  -27.96994  -27.85313    0.00000

outmatrixC =

   -0.18746   -0.18541   -0.18336
    0.93922    0.93962    0.94003
   -0.28763   -0.28763   -0.28763
    0.34712    0.34791    0.34871
    0.81212    0.81282    0.81351
   -0.46901   -0.46721    0.00000
    0.00000   30.00000    0.00000
   66.85714   66.82746    0.00000
  -27.96994  -27.85313    0.00000

outmatrixC =

   -0.18746   -0.18541   -0.18336
    0.93922    0.93962    0.94003
   -0.28763   -0.28763   -0.28763
    0.34712    0.34791    0.34871
    0.81212    0.81282    0.81351
   -0.46901   -0.46721   -0.46540
    0.00000   30.00000    0.00000
   66.85714   66.82746    0.00000
  -27.96994  -27.85313    0.00000

outmatrixC =

   -0.18746   -0.18541   -0.18336
    0.93922    0.93962    0.94003
   -0.28763   -0.28763   -0.28763
    0.34712    0.34791    0.34871
    0.81212    0.81282    0.81351
   -0.46901   -0.46721   -0.46540
    0.00000   30.00000   60.00000
   66.85714   66.82746    0.00000
  -27.96994  -27.85313    0.00000

r =  1
s =

   66.798  -27.736

outmatrixC =

   -0.18746   -0.18541   -0.18336
    0.93922    0.93962    0.94003
   -0.28763   -0.28763   -0.28763
    0.34712    0.34791    0.34871
    0.81212    0.81282    0.81351
   -0.46901   -0.46721   -0.46540
    0.00000   30.00000   60.00000
   66.85714   66.82746   66.79776
  -27.96994  -27.85313    0.00000

outmatrixC =

   -0.18746   -0.18541   -0.18336
    0.93922    0.93962    0.94003
   -0.28763   -0.28763   -0.28763
    0.34712    0.34791    0.34871
    0.81212    0.81282    0.81351
   -0.46901   -0.46721   -0.46540
    0.00000   30.00000   60.00000
   66.85714   66.82746   66.79776
  -27.96994  -27.85313  -27.73633

i =  3
retval =

   -0.18746   -0.18541   -0.18336
    0.93922    0.93962    0.94003
   -0.28763   -0.28763   -0.28763
    0.34712    0.34791    0.34871
    0.81212    0.81282    0.81351
   -0.46901   -0.46721   -0.46540
    0.00000   30.00000   60.00000
   66.85714   66.82746   66.79776
  -27.96994  -27.85313  -27.73633

data_syriusz =

   -0.18746   -0.18541   -0.18336
    0.93922    0.93962    0.94003
   -0.28763   -0.28763   -0.28763
    0.34712    0.34791    0.34871
    0.81212    0.81282    0.81351
   -0.46901   -0.46721   -0.46540
    0.00000   30.00000   60.00000
   66.85714   66.82746   66.79776
  -27.96994  -27.85313  -27.73633

--- Betelgeza ---
rad =  88.793
retval =  1.5497
retval =  1.5497
ra =  1.5497
rad =  7.4071
retval =  0.12928
retval =  0.12928
dc =  0.12928
x =

    5.0000   55.0000   10.2000

y =

    1.0000    7.0000   24.0000   25.4300

rad =  88.793
retval =  1.5497
retval =  1.5497
refX =  1.5497
rad =  7.4071
retval =  0.12928
retval =  0.12928
refY =  0.12928
outmatrixC =

Diagonal Matrix

   1   0   0
   0   1   0
   0   0   1
   0   0   0
   0   0   0
   0   0   0
   0   0   0
   0   0   0
   0   0   0

res =

   0
   0
   0

res =

   0.020897
   0.000000
   0.000000

res =

   0.02090
   0.99144
   0.00000

res =

   0.020897
   0.991435
   0.128918

retval =

   0.020897
   0.991435
   0.128918

ref =

   0.020897
   0.991435
   0.128918

i = 0
t = 0
dT =  30
deltaT = 0
rad = 0
retval =

   1   0   0
   0   1   0
   0   0   1

rotTime =

   1   0   0
   0   1   0
   0   0   1

ret =

   0
   0
   0

mm =  1
ret =

   0.020897
   0.000000
   0.000000

ret =

   0.02090
   0.99144
   0.00000

ret =

   0.020897
   0.991435
   0.128918

retval =

   0.020897
   0.991435
   0.128918

newRef =

   0.020897
   0.991435
   0.128918

ret =

   0
   0
   0

mm =  1.0000
ret =

   0.046353
   0.000000
   0.000000

ret =

   0.04635
   0.98684
   0.00000

ret =

   0.046353
   0.986842
  -0.154901

retval =

   0.046353
   0.986842
  -0.154901

ob =

   0.046353
   0.986842
  -0.154901

outmatrixC =

Diagonal Matrix

   0.020897          0          0
          0   1.000000          0
          0          0   1.000000
          0          0          0
          0          0          0
          0          0          0
          0          0          0
          0          0          0
          0          0          0

outmatrixC =

   0.02090   0.00000   0.00000
   0.99144   1.00000   0.00000
   0.00000   0.00000   1.00000
   0.00000   0.00000   0.00000
   0.00000   0.00000   0.00000
   0.00000   0.00000   0.00000
   0.00000   0.00000   0.00000
   0.00000   0.00000   0.00000
   0.00000   0.00000   0.00000

outmatrixC =

   0.02090   0.00000   0.00000
   0.99144   1.00000   0.00000
   0.12892   0.00000   1.00000
   0.00000   0.00000   0.00000
   0.00000   0.00000   0.00000
   0.00000   0.00000   0.00000
   0.00000   0.00000   0.00000
   0.00000   0.00000   0.00000
   0.00000   0.00000   0.00000

outmatrixC =

   0.02090   0.00000   0.00000
   0.99144   1.00000   0.00000
   0.12892   0.00000   1.00000
   0.04635   0.00000   0.00000
   0.00000   0.00000   0.00000
   0.00000   0.00000   0.00000
   0.00000   0.00000   0.00000
   0.00000   0.00000   0.00000
   0.00000   0.00000   0.00000

outmatrixC =

   0.02090   0.00000   0.00000
   0.99144   1.00000   0.00000
   0.12892   0.00000   1.00000
   0.04635   0.00000   0.00000
   0.98684   0.00000   0.00000
   0.00000   0.00000   0.00000
   0.00000   0.00000   0.00000
   0.00000   0.00000   0.00000
   0.00000   0.00000   0.00000

outmatrixC =

   0.02090   0.00000   0.00000
   0.99144   1.00000   0.00000
   0.12892   0.00000   1.00000
   0.04635   0.00000   0.00000
   0.98684   0.00000   0.00000
  -0.15490   0.00000   0.00000
   0.00000   0.00000   0.00000
   0.00000   0.00000   0.00000
   0.00000   0.00000   0.00000

outmatrixC =

   0.02090   0.00000   0.00000
   0.99144   1.00000   0.00000
   0.12892   0.00000   1.00000
   0.04635   0.00000   0.00000
   0.98684   0.00000   0.00000
  -0.15490   0.00000   0.00000
   0.00000   0.00000   0.00000
   0.00000   0.00000   0.00000
   0.00000   0.00000   0.00000

r =  1
s =

   87.3107   -8.9111

outmatrixC =

    0.02090    0.00000    0.00000
    0.99144    1.00000    0.00000
    0.12892    0.00000    1.00000
    0.04635    0.00000    0.00000
    0.98684    0.00000    0.00000
   -0.15490    0.00000    0.00000
    0.00000    0.00000    0.00000
   87.31071    0.00000    0.00000
    0.00000    0.00000    0.00000

outmatrixC =

    0.02090    0.00000    0.00000
    0.99144    1.00000    0.00000
    0.12892    0.00000    1.00000
    0.04635    0.00000    0.00000
    0.98684    0.00000    0.00000
   -0.15490    0.00000    0.00000
    0.00000    0.00000    0.00000
   87.31071    0.00000    0.00000
   -8.91106    0.00000    0.00000

i =  1
deltaT =  30
rad =  0.0021817
retval =

   1.00000   0.00218   0.00000
  -0.00218   1.00000   0.00000
   0.00000   0.00000   1.00000

rotTime =

   1.00000   0.00218   0.00000
  -0.00218   1.00000   0.00000
   0.00000   0.00000   1.00000

ret =

   0
   0
   0

mm =  1
ret =

   0.023060
   0.000000
   0.000000

ret =

   0.02306
   0.99139
   0.00000

ret =

   0.023060
   0.991387
   0.128918

retval =

   0.023060
   0.991387
   0.128918

newRef =

   0.023060
   0.991387
   0.128918

ret =

   0
   0
   0

mm =  1
ret =

   0.047118
   0.000000
   0.000000

ret =

   0.04712
   0.98712
   0.00000

ret =

   0.047118
   0.987118
  -0.152896

retval =

   0.047118
   0.987118
  -0.152896

ob =

   0.047118
   0.987118
  -0.152896

outmatrixC =

    0.02090    0.02306    0.00000
    0.99144    1.00000    0.00000
    0.12892    0.00000    1.00000
    0.04635    0.00000    0.00000
    0.98684    0.00000    0.00000
   -0.15490    0.00000    0.00000
    0.00000    0.00000    0.00000
   87.31071    0.00000    0.00000
   -8.91106    0.00000    0.00000

outmatrixC =

    0.02090    0.02306    0.00000
    0.99144    0.99139    0.00000
    0.12892    0.00000    1.00000
    0.04635    0.00000    0.00000
    0.98684    0.00000    0.00000
   -0.15490    0.00000    0.00000
    0.00000    0.00000    0.00000
   87.31071    0.00000    0.00000
   -8.91106    0.00000    0.00000

outmatrixC =

    0.02090    0.02306    0.00000
    0.99144    0.99139    0.00000
    0.12892    0.12892    1.00000
    0.04635    0.00000    0.00000
    0.98684    0.00000    0.00000
   -0.15490    0.00000    0.00000
    0.00000    0.00000    0.00000
   87.31071    0.00000    0.00000
   -8.91106    0.00000    0.00000

outmatrixC =

    0.02090    0.02306    0.00000
    0.99144    0.99139    0.00000
    0.12892    0.12892    1.00000
    0.04635    0.04712    0.00000
    0.98684    0.00000    0.00000
   -0.15490    0.00000    0.00000
    0.00000    0.00000    0.00000
   87.31071    0.00000    0.00000
   -8.91106    0.00000    0.00000

outmatrixC =

    0.02090    0.02306    0.00000
    0.99144    0.99139    0.00000
    0.12892    0.12892    1.00000
    0.04635    0.04712    0.00000
    0.98684    0.98712    0.00000
   -0.15490    0.00000    0.00000
    0.00000    0.00000    0.00000
   87.31071    0.00000    0.00000
   -8.91106    0.00000    0.00000

outmatrixC =

    0.02090    0.02306    0.00000
    0.99144    0.99139    0.00000
    0.12892    0.12892    1.00000
    0.04635    0.04712    0.00000
    0.98684    0.98712    0.00000
   -0.15490   -0.15290    0.00000
    0.00000    0.00000    0.00000
   87.31071    0.00000    0.00000
   -8.91106    0.00000    0.00000

outmatrixC =

    0.02090    0.02306    0.00000
    0.99144    0.99139    0.00000
    0.12892    0.12892    1.00000
    0.04635    0.04712    0.00000
    0.98684    0.98712    0.00000
   -0.15490   -0.15290    0.00000
    0.00000   30.00000    0.00000
   87.31071    0.00000    0.00000
   -8.91106    0.00000    0.00000

r =  1
s =

   87.2672   -8.7948

outmatrixC =

    0.02090    0.02306    0.00000
    0.99144    0.99139    0.00000
    0.12892    0.12892    1.00000
    0.04635    0.04712    0.00000
    0.98684    0.98712    0.00000
   -0.15490   -0.15290    0.00000
    0.00000   30.00000    0.00000
   87.31071   87.26720    0.00000
   -8.91106    0.00000    0.00000

outmatrixC =

    0.02090    0.02306    0.00000
    0.99144    0.99139    0.00000
    0.12892    0.12892    1.00000
    0.04635    0.04712    0.00000
    0.98684    0.98712    0.00000
   -0.15490   -0.15290    0.00000
    0.00000   30.00000    0.00000
   87.31071   87.26720    0.00000
   -8.91106   -8.79480    0.00000

i =  2
deltaT =  60
rad =  0.0043633
retval =

   0.99999   0.00436   0.00000
  -0.00436   0.99999   0.00000
   0.00000   0.00000   1.00000

rotTime =

   0.99999   0.00436   0.00000
  -0.00436   0.99999   0.00000
   0.00000   0.00000   1.00000

ret =

   0
   0
   0

mm =  1
ret =

   0.025223
   0.000000
   0.000000

ret =

   0.02522
   0.99133
   0.00000

ret =

   0.025223
   0.991334
   0.128918

retval =

   0.025223
   0.991334
   0.128918

newRef =

   0.025223
   0.991334
   0.128918

ret =

   0
   0
   0

mm =  1
ret =

   0.047881
   0.000000
   0.000000

ret =

   0.04788
   0.98739
   0.00000

ret =

   0.047881
   0.987390
  -0.150890

retval =

   0.047881
   0.987390
  -0.150890

ob =

   0.047881
   0.987390
  -0.150890

outmatrixC =

    0.02090    0.02306    0.02522
    0.99144    0.99139    0.00000
    0.12892    0.12892    1.00000
    0.04635    0.04712    0.00000
    0.98684    0.98712    0.00000
   -0.15490   -0.15290    0.00000
    0.00000   30.00000    0.00000
   87.31071   87.26720    0.00000
   -8.91106   -8.79480    0.00000

outmatrixC =

    0.02090    0.02306    0.02522
    0.99144    0.99139    0.99133
    0.12892    0.12892    1.00000
    0.04635    0.04712    0.00000
    0.98684    0.98712    0.00000
   -0.15490   -0.15290    0.00000
    0.00000   30.00000    0.00000
   87.31071   87.26720    0.00000
   -8.91106   -8.79480    0.00000

outmatrixC =

    0.02090    0.02306    0.02522
    0.99144    0.99139    0.99133
    0.12892    0.12892    0.12892
    0.04635    0.04712    0.00000
    0.98684    0.98712    0.00000
   -0.15490   -0.15290    0.00000
    0.00000   30.00000    0.00000
   87.31071   87.26720    0.00000
   -8.91106   -8.79480    0.00000

outmatrixC =

    0.02090    0.02306    0.02522
    0.99144    0.99139    0.99133
    0.12892    0.12892    0.12892
    0.04635    0.04712    0.04788
    0.98684    0.98712    0.00000
   -0.15490   -0.15290    0.00000
    0.00000   30.00000    0.00000
   87.31071   87.26720    0.00000
   -8.91106   -8.79480    0.00000

outmatrixC =

    0.02090    0.02306    0.02522
    0.99144    0.99139    0.99133
    0.12892    0.12892    0.12892
    0.04635    0.04712    0.04788
    0.98684    0.98712    0.98739
   -0.15490   -0.15290    0.00000
    0.00000   30.00000    0.00000
   87.31071   87.26720    0.00000
   -8.91106   -8.79480    0.00000

outmatrixC =

    0.02090    0.02306    0.02522
    0.99144    0.99139    0.99133
    0.12892    0.12892    0.12892
    0.04635    0.04712    0.04788
    0.98684    0.98712    0.98739
   -0.15490   -0.15290   -0.15089
    0.00000   30.00000    0.00000
   87.31071   87.26720    0.00000
   -8.91106   -8.79480    0.00000

outmatrixC =

    0.02090    0.02306    0.02522
    0.99144    0.99139    0.99133
    0.12892    0.12892    0.12892
    0.04635    0.04712    0.04788
    0.98684    0.98712    0.98739
   -0.15490   -0.15290   -0.15089
    0.00000   30.00000   60.00000
   87.31071   87.26720    0.00000
   -8.91106   -8.79480    0.00000

r =  1
s =

   87.2237   -8.6785

outmatrixC =

    0.02090    0.02306    0.02522
    0.99144    0.99139    0.99133
    0.12892    0.12892    0.12892
    0.04635    0.04712    0.04788
    0.98684    0.98712    0.98739
   -0.15490   -0.15290   -0.15089
    0.00000   30.00000   60.00000
   87.31071   87.26720   87.22374
   -8.91106   -8.79480    0.00000

outmatrixC =

    0.02090    0.02306    0.02522
    0.99144    0.99139    0.99133
    0.12892    0.12892    0.12892
    0.04635    0.04712    0.04788
    0.98684    0.98712    0.98739
   -0.15490   -0.15290   -0.15089
    0.00000   30.00000   60.00000
   87.31071   87.26720   87.22374
   -8.91106   -8.79480   -8.67853

i =  3
retval =

    0.02090    0.02306    0.02522
    0.99144    0.99139    0.99133
    0.12892    0.12892    0.12892
    0.04635    0.04712    0.04788
    0.98684    0.98712    0.98739
   -0.15490   -0.15290   -0.15089
    0.00000   30.00000   60.00000
   87.31071   87.26720   87.22374
   -8.91106   -8.79480   -8.67853

data_betelgeza =

    0.02090    0.02306    0.02522
    0.99144    0.99139    0.99133
    0.12892    0.12892    0.12892
    0.04635    0.04712    0.04788
    0.98684    0.98712    0.98739
   -0.15490   -0.15290   -0.15089
    0.00000   30.00000   60.00000
   87.31071   87.26720   87.22374
   -8.91106   -8.79480   -8.67853

--- Aldebaran ---
rad =  68.980
retval =  1.2039
retval =  1.2039
ra =  1.2039
rad =  16.509
retval =  0.28814
retval =  0.28814
dc =  0.28814
x =

    4.0000   35.0000   55.2300

y =

    1.0000   16.0000   30.0000   33.4900

rad =  68.980
retval =  1.2039
retval =  1.2039
refX =  1.2039
rad =  16.509
retval =  0.28814
retval =  0.28814
refY =  0.28814
outmatrixC =

Diagonal Matrix

   1   0   0
   0   1   0
   0   0   1
   0   0   0
   0   0   0
   0   0   0
   0   0   0
   0   0   0
   0   0   0

res =

   0
   0
   0

res =

   0.34390
   0.00000
   0.00000

res =

   0.34390
   0.89497
   0.00000

res =

   0.34390
   0.89497
   0.28417

retval =

   0.34390
   0.89497
   0.28417

ref =

   0.34390
   0.89497
   0.28417

i = 0
t = 0
dT =  30
deltaT = 0
rad = 0
retval =

   1   0   0
   0   1   0
   0   0   1

rotTime =

   1   0   0
   0   1   0
   0   0   1

ret =

   0
   0
   0

mm =  1.00000
ret =

   0.34390
   0.00000
   0.00000

ret =

   0.34390
   0.89497
   0.00000

ret =

   0.34390
   0.89497
   0.28417

retval =

   0.34390
   0.89497
   0.28417

newRef =

   0.34390
   0.89497
   0.28417

ret =

   0
   0
   0

mm =  1
ret =

   0.0034093
   0.0000000
   0.0000000

ret =

   0.00341
   0.97691
   0.00000

ret =

   0.0034093
   0.9769135
   0.2136081

retval =

   0.0034093
   0.9769135
   0.2136081

ob =

   0.0034093
   0.9769135
   0.2136081

outmatrixC =

Diagonal Matrix

   0.34390         0         0
         0   1.00000         0
         0         0   1.00000
         0         0         0
         0         0         0
         0         0         0
         0         0         0
         0         0         0
         0         0         0

outmatrixC =

   0.34390   0.00000   0.00000
   0.89497   1.00000   0.00000
   0.00000   0.00000   1.00000
   0.00000   0.00000   0.00000
   0.00000   0.00000   0.00000
   0.00000   0.00000   0.00000
   0.00000   0.00000   0.00000
   0.00000   0.00000   0.00000
   0.00000   0.00000   0.00000

outmatrixC =

   0.34390   0.00000   0.00000
   0.89497   1.00000   0.00000
   0.28417   0.00000   1.00000
   0.00000   0.00000   0.00000
   0.00000   0.00000   0.00000
   0.00000   0.00000   0.00000
   0.00000   0.00000   0.00000
   0.00000   0.00000   0.00000
   0.00000   0.00000   0.00000

outmatrixC =

   0.34390   0.00000   0.00000
   0.89497   1.00000   0.00000
   0.28417   0.00000   1.00000
   0.00341   0.00000   0.00000
   0.00000   0.00000   0.00000
   0.00000   0.00000   0.00000
   0.00000   0.00000   0.00000
   0.00000   0.00000   0.00000
   0.00000   0.00000   0.00000

outmatrixC =

   0.34390   0.00000   0.00000
   0.89497   1.00000   0.00000
   0.28417   0.00000   1.00000
   0.00341   0.00000   0.00000
   0.97691   0.00000   0.00000
   0.00000   0.00000   0.00000
   0.00000   0.00000   0.00000
   0.00000   0.00000   0.00000
   0.00000   0.00000   0.00000

outmatrixC =

   0.34390   0.00000   0.00000
   0.89497   1.00000   0.00000
   0.28417   0.00000   1.00000
   0.00341   0.00000   0.00000
   0.97691   0.00000   0.00000
   0.21361   0.00000   0.00000
   0.00000   0.00000   0.00000
   0.00000   0.00000   0.00000
   0.00000   0.00000   0.00000

outmatrixC =

   0.34390   0.00000   0.00000
   0.89497   1.00000   0.00000
   0.28417   0.00000   1.00000
   0.00341   0.00000   0.00000
   0.97691   0.00000   0.00000
   0.21361   0.00000   0.00000
   0.00000   0.00000   0.00000
   0.00000   0.00000   0.00000
   0.00000   0.00000   0.00000

r =  1
s =

   89.800   12.334

outmatrixC =

    0.34390    0.00000    0.00000
    0.89497    1.00000    0.00000
    0.28417    0.00000    1.00000
    0.00341    0.00000    0.00000
    0.97691    0.00000    0.00000
    0.21361    0.00000    0.00000
    0.00000    0.00000    0.00000
   89.80004    0.00000    0.00000
    0.00000    0.00000    0.00000

outmatrixC =

    0.34390    0.00000    0.00000
    0.89497    1.00000    0.00000
    0.28417    0.00000    1.00000
    0.00341    0.00000    0.00000
    0.97691    0.00000    0.00000
    0.21361    0.00000    0.00000
    0.00000    0.00000    0.00000
   89.80004    0.00000    0.00000
   12.33388    0.00000    0.00000

i =  1
deltaT =  30
rad =  0.0021817
retval =

   1.00000   0.00218   0.00000
  -0.00218   1.00000   0.00000
   0.00000   0.00000   1.00000

rotTime =

   1.00000   0.00218   0.00000
  -0.00218   1.00000   0.00000
   0.00000   0.00000   1.00000

ret =

   0
   0
   0

mm =  1.00000
ret =

   0.34586
   0.00000
   0.00000

ret =

   0.34586
   0.89422
   0.00000

ret =

   0.34586
   0.89422
   0.28417

retval =

   0.34586
   0.89422
   0.28417

newRef =

   0.34586
   0.89422
   0.28417

ret =

   0
   0
   0

mm =  1
ret =

   0.0039864
   0.0000000
   0.0000000

ret =

   0.00399
   0.97648
   0.00000

ret =

   0.0039864
   0.9764800
   0.2155713

retval =

   0.0039864
   0.9764800
   0.2155713

ob =

   0.0039864
   0.9764800
   0.2155713

outmatrixC =

    0.34390    0.34586    0.00000
    0.89497    1.00000    0.00000
    0.28417    0.00000    1.00000
    0.00341    0.00000    0.00000
    0.97691    0.00000    0.00000
    0.21361    0.00000    0.00000
    0.00000    0.00000    0.00000
   89.80004    0.00000    0.00000
   12.33388    0.00000    0.00000

outmatrixC =

    0.34390    0.34586    0.00000
    0.89497    0.89422    0.00000
    0.28417    0.00000    1.00000
    0.00341    0.00000    0.00000
    0.97691    0.00000    0.00000
    0.21361    0.00000    0.00000
    0.00000    0.00000    0.00000
   89.80004    0.00000    0.00000
   12.33388    0.00000    0.00000

outmatrixC =

    0.34390    0.34586    0.00000
    0.89497    0.89422    0.00000
    0.28417    0.28417    1.00000
    0.00341    0.00000    0.00000
    0.97691    0.00000    0.00000
    0.21361    0.00000    0.00000
    0.00000    0.00000    0.00000
   89.80004    0.00000    0.00000
   12.33388    0.00000    0.00000

outmatrixC =

    0.34390    0.34586    0.00000
    0.89497    0.89422    0.00000
    0.28417    0.28417    1.00000
    0.00341    0.00399    0.00000
    0.97691    0.00000    0.00000
    0.21361    0.00000    0.00000
    0.00000    0.00000    0.00000
   89.80004    0.00000    0.00000
   12.33388    0.00000    0.00000

outmatrixC =

    0.34390    0.34586    0.00000
    0.89497    0.89422    0.00000
    0.28417    0.28417    1.00000
    0.00341    0.00399    0.00000
    0.97691    0.97648    0.00000
    0.21361    0.00000    0.00000
    0.00000    0.00000    0.00000
   89.80004    0.00000    0.00000
   12.33388    0.00000    0.00000

outmatrixC =

    0.34390    0.34586    0.00000
    0.89497    0.89422    0.00000
    0.28417    0.28417    1.00000
    0.00341    0.00399    0.00000
    0.97691    0.97648    0.00000
    0.21361    0.21557    0.00000
    0.00000    0.00000    0.00000
   89.80004    0.00000    0.00000
   12.33388    0.00000    0.00000

outmatrixC =

    0.34390    0.34586    0.00000
    0.89497    0.89422    0.00000
    0.28417    0.28417    1.00000
    0.00341    0.00399    0.00000
    0.97691    0.97648    0.00000
    0.21361    0.21557    0.00000
    0.00000   30.00000    0.00000
   89.80004    0.00000    0.00000
   12.33388    0.00000    0.00000

r =  1
s =

   89.766   12.449

outmatrixC =

    0.34390    0.34586    0.00000
    0.89497    0.89422    0.00000
    0.28417    0.28417    1.00000
    0.00341    0.00399    0.00000
    0.97691    0.97648    0.00000
    0.21361    0.21557    0.00000
    0.00000   30.00000    0.00000
   89.80004   89.76610    0.00000
   12.33388    0.00000    0.00000

outmatrixC =

    0.34390    0.34586    0.00000
    0.89497    0.89422    0.00000
    0.28417    0.28417    1.00000
    0.00341    0.00399    0.00000
    0.97691    0.97648    0.00000
    0.21361    0.21557    0.00000
    0.00000   30.00000    0.00000
   89.80004   89.76610    0.00000
   12.33388   12.44905    0.00000

i =  2
deltaT =  60
rad =  0.0043633
retval =

   0.99999   0.00436   0.00000
  -0.00436   0.99999   0.00000
   0.00000   0.00000   1.00000

rotTime =

   0.99999   0.00436   0.00000
  -0.00436   0.99999   0.00000
   0.00000   0.00000   1.00000

ret =

   0
   0
   0

mm =  1.00000
ret =

   0.34781
   0.00000
   0.00000

ret =

   0.34781
   0.89346
   0.00000

ret =

   0.34781
   0.89346
   0.28417

retval =

   0.34781
   0.89346
   0.28417

newRef =

   0.34781
   0.89346
   0.28417

ret =

   0
   0
   0

mm =  1.00000
ret =

   0.0045622
   0.0000000
   0.0000000

ret =

   0.00456
   0.97604
   0.00000

ret =

   0.0045622
   0.9760421
   0.2175340

retval =

   0.0045622
   0.9760421
   0.2175340

ob =

   0.0045622
   0.9760421
   0.2175340

outmatrixC =

    0.34390    0.34586    0.34781
    0.89497    0.89422    0.00000
    0.28417    0.28417    1.00000
    0.00341    0.00399    0.00000
    0.97691    0.97648    0.00000
    0.21361    0.21557    0.00000
    0.00000   30.00000    0.00000
   89.80004   89.76610    0.00000
   12.33388   12.44905    0.00000

outmatrixC =

    0.34390    0.34586    0.34781
    0.89497    0.89422    0.89346
    0.28417    0.28417    1.00000
    0.00341    0.00399    0.00000
    0.97691    0.97648    0.00000
    0.21361    0.21557    0.00000
    0.00000   30.00000    0.00000
   89.80004   89.76610    0.00000
   12.33388   12.44905    0.00000

outmatrixC =

    0.34390    0.34586    0.34781
    0.89497    0.89422    0.89346
    0.28417    0.28417    0.28417
    0.00341    0.00399    0.00000
    0.97691    0.97648    0.00000
    0.21361    0.21557    0.00000
    0.00000   30.00000    0.00000
   89.80004   89.76610    0.00000
   12.33388   12.44905    0.00000

outmatrixC =

    0.34390    0.34586    0.34781
    0.89497    0.89422    0.89346
    0.28417    0.28417    0.28417
    0.00341    0.00399    0.00456
    0.97691    0.97648    0.00000
    0.21361    0.21557    0.00000
    0.00000   30.00000    0.00000
   89.80004   89.76610    0.00000
   12.33388   12.44905    0.00000

outmatrixC =

    0.34390    0.34586    0.34781
    0.89497    0.89422    0.89346
    0.28417    0.28417    0.28417
    0.00341    0.00399    0.00456
    0.97691    0.97648    0.97604
    0.21361    0.21557    0.00000
    0.00000   30.00000    0.00000
   89.80004   89.76610    0.00000
   12.33388   12.44905    0.00000

outmatrixC =

    0.34390    0.34586    0.34781
    0.89497    0.89422    0.89346
    0.28417    0.28417    0.28417
    0.00341    0.00399    0.00456
    0.97691    0.97648    0.97604
    0.21361    0.21557    0.21753
    0.00000   30.00000    0.00000
   89.80004   89.76610    0.00000
   12.33388   12.44905    0.00000

outmatrixC =

    0.34390    0.34586    0.34781
    0.89497    0.89422    0.89346
    0.28417    0.28417    0.28417
    0.00341    0.00399    0.00456
    0.97691    0.97648    0.97604
    0.21361    0.21557    0.21753
    0.00000   30.00000   60.00000
   89.80004   89.76610    0.00000
   12.33388   12.44905    0.00000

r =  1
s =

   89.732   12.564

outmatrixC =

    0.34390    0.34586    0.34781
    0.89497    0.89422    0.89346
    0.28417    0.28417    0.28417
    0.00341    0.00399    0.00456
    0.97691    0.97648    0.97604
    0.21361    0.21557    0.21753
    0.00000   30.00000   60.00000
   89.80004   89.76610   89.73219
   12.33388   12.44905    0.00000

outmatrixC =

    0.34390    0.34586    0.34781
    0.89497    0.89422    0.89346
    0.28417    0.28417    0.28417
    0.00341    0.00399    0.00456
    0.97691    0.97648    0.97604
    0.21361    0.21557    0.21753
    0.00000   30.00000   60.00000
   89.80004   89.76610   89.73219
   12.33388   12.44905   12.56423

i =  3
retval =

    0.34390    0.34586    0.34781
    0.89497    0.89422    0.89346
    0.28417    0.28417    0.28417
    0.00341    0.00399    0.00456
    0.97691    0.97648    0.97604
    0.21361    0.21557    0.21753
    0.00000   30.00000   60.00000
   89.80004   89.76610   89.73219
   12.33388   12.44905   12.56423

data_aldebaran =

    0.34390    0.34586    0.34781
    0.89497    0.89422    0.89346
    0.28417    0.28417    0.28417
    0.00341    0.00399    0.00456
    0.97691    0.97648    0.97604
    0.21361    0.21557    0.21753
    0.00000   30.00000   60.00000
   89.80004   89.76610   89.73219
   12.33388   12.44905   12.56423

ref1 =

  -0.18746
   0.93922
  -0.28763

obs1 =

   0.34712
   0.81212
  -0.46901

ref2 =

   0.023060
   0.991387
   0.128918

obs2 =

   0.047118
   0.987118
  -0.152896

ref3 =

   0.34781
   0.89346
   0.28417

obs3 =

   0.0045622
   0.9760421
   0.2175340

qRef =

  -0.18746
   0.93922
  -0.28763

retval =  2.1906
rRef =

   0.889894
   0.038409
  -0.454547

sRef =

  -0.41587
  -0.34117
  -0.84300

qObs =

   0.34712
   0.81212
  -0.46901

retval =  2.1906
rObs =

   0.742165
   0.067852
   0.666774

sObs =

   0.57332
  -0.57953
  -0.57918

MR =

  -0.187455   0.889894  -0.415871
   0.939218   0.038409  -0.341167
  -0.287630  -0.454547  -0.843004

MB =

   0.347117   0.742165   0.573324
   0.812121   0.067852  -0.579530
  -0.469008   0.666774  -0.579175

retval =

   0.35695   0.15892  -0.92050
   0.14915   0.96308   0.22411
   0.92214  -0.21730   0.32007

TRIAD_ROT =

   0.35695   0.15892  -0.92050
   0.14915   0.96308   0.22411
   0.92214  -0.21730   0.32007

w1 =  1
w2 =  1
w3 =  1
@@@@@@@@@@@@@@@@@@@@@@@@@@@@@@@@@@@@@@@
ref1 =

  -0.18746
   0.93922
  -0.28763

obs1 =

   0.34712
   0.81212
  -0.46901

w1 =  1
retval =

  -0.065069   0.326019  -0.099841
  -0.152236   0.762758  -0.233590
   0.087918  -0.440501   0.134901

B1 =

  -0.065069   0.326019  -0.099841
  -0.152236   0.762758  -0.233590
   0.087918  -0.440501   0.134901

retval =

   0.0010866   0.0467119   0.0060743
   0.0227633   0.9786164   0.1272572
  -0.0035258  -0.1515794  -0.0197111

B2 =

   0.0010866   0.0467119   0.0060743
   0.0227633   0.9786164   0.1272572
  -0.0035258  -0.1515794  -0.0197111

retval =

   0.0015868   0.0040762   0.0012965
   0.3394733   0.8720584   0.2773629
   0.0756596   0.1943588   0.0618169

B3 =

   0.0015868   0.0040762   0.0012965
   0.3394733   0.8720584   0.2773629
   0.0756596   0.1943588   0.0618169

B1 =

  -0.065069   0.326019  -0.099841
  -0.152236   0.762758  -0.233590
   0.087918  -0.440501   0.134901

B2 =

   0.0010866   0.0467119   0.0060743
   0.0227633   0.9786164   0.1272572
  -0.0035258  -0.1515794  -0.0197111

B3 =

   0.0015868   0.0040762   0.0012965
   0.3394733   0.8720584   0.2773629
   0.0756596   0.1943588   0.0618169

B =

  -0.063982   0.372731  -0.093767
  -0.129473   1.741375  -0.106333
   0.084392  -0.592080   0.115190

retval =

  -0.1279648   0.2432576  -0.0093748
   0.2432576   3.4827498  -0.6984133
  -0.0093748  -0.6984133   0.2303795

S =

  -0.1279648   0.2432576  -0.0093748
   0.2432576   3.4827498  -0.6984133
  -0.0093748  -0.6984133   0.2303795

retval =  1.7926
sigma =  1.7926
B =

  -0.063982   0.372731  -0.093767
  -0.129473   1.741375  -0.106333
   0.084392  -0.592080   0.115190

retZ =

   0
   0
   0

retZ =

   0.48575
   0.00000
   0.00000

retZ =

   0.48575
   0.17816
   0.00000

retZ =

   0.48575
   0.17816
   0.50220

retval =

   0.48575
   0.17816
   0.50220

Z =

   0.48575
   0.17816
   0.50220

K =

Diagonal Matrix

   1   0   0   0
   0   1   0   0
   0   0   1   0
   0   0   0   1

K =

Diagonal Matrix

   1.7926        0        0        0
        0   1.0000        0        0
        0        0   1.0000        0
        0        0        0   1.0000

K =

   1.79258   0.48575   0.00000   0.00000
   0.00000   1.00000   0.00000   0.00000
   0.00000   0.00000   1.00000   0.00000
   0.00000   0.00000   0.00000   1.00000

K =

   1.79258   0.48575   0.17816   0.00000
   0.00000   1.00000   0.00000   0.00000
   0.00000   0.00000   1.00000   0.00000
   0.00000   0.00000   0.00000   1.00000

K =

   1.79258   0.48575   0.17816   0.50220
   0.00000   1.00000   0.00000   0.00000
   0.00000   0.00000   1.00000   0.00000
   0.00000   0.00000   0.00000   1.00000

K =

   1.79258   0.48575   0.17816   0.50220
   0.48575   1.00000   0.00000   0.00000
   0.00000   0.00000   1.00000   0.00000
   0.00000   0.00000   0.00000   1.00000

K =

   1.79258   0.48575   0.17816   0.50220
   0.48575  -1.92055   0.00000   0.00000
   0.00000   0.00000   1.00000   0.00000
   0.00000   0.00000   0.00000   1.00000

K =

   1.79258   0.48575   0.17816   0.50220
   0.48575  -1.92055   0.24326   0.00000
   0.00000   0.00000   1.00000   0.00000
   0.00000   0.00000   0.00000   1.00000

K =

   1.79258   0.48575   0.17816   0.50220
   0.48575  -1.92055   0.24326  -0.00937
   0.00000   0.00000   1.00000   0.00000
   0.00000   0.00000   0.00000   1.00000

K =

   1.79258   0.48575   0.17816   0.50220
   0.48575  -1.92055   0.24326  -0.00937
   0.17816   0.00000   1.00000   0.00000
   0.00000   0.00000   0.00000   1.00000

K =

   1.79258   0.48575   0.17816   0.50220
   0.48575  -1.92055   0.24326  -0.00937
   0.17816   0.24326   1.00000   0.00000
   0.00000   0.00000   0.00000   1.00000

K =

   1.79258   0.48575   0.17816   0.50220
   0.48575  -1.92055   0.24326  -0.00937
   0.17816   0.24326   1.69017   0.00000
   0.00000   0.00000   0.00000   1.00000

K =

   1.79258   0.48575   0.17816   0.50220
   0.48575  -1.92055   0.24326  -0.00937
   0.17816   0.24326   1.69017  -0.69841
   0.00000   0.00000   0.00000   1.00000

K =

   1.79258   0.48575   0.17816   0.50220
   0.48575  -1.92055   0.24326  -0.00937
   0.17816   0.24326   1.69017  -0.69841
   0.50220   0.00000   0.00000   1.00000

K =

   1.79258   0.48575   0.17816   0.50220
   0.48575  -1.92055   0.24326  -0.00937
   0.17816   0.24326   1.69017  -0.69841
   0.50220  -0.00937   0.00000   1.00000

K =

   1.7925822   0.4857469   0.1781592   0.5022037
   0.4857469  -1.9205470   0.2432576  -0.0093748
   0.1781592   0.2432576   1.6901675  -0.6984133
   0.5022037  -0.0093748  -0.6984133   1.0000000

K =

   1.7925822   0.4857469   0.1781592   0.5022037
   0.4857469  -1.9205470   0.2432576  -0.0093748
   0.1781592   0.2432576   1.6901675  -0.6984133
   0.5022037  -0.0093748  -0.6984133  -1.5622027

retval =

   1.7925822   0.4857469   0.1781592   0.5022037
   0.4857469  -1.9205470   0.2432576  -0.0093748
   0.1781592   0.2432576   1.6901675  -0.6984133
   0.5022037  -0.0093748  -0.6984133  -1.5622027

K =

   1.7925822   0.4857469   0.1781592   0.5022037
   0.4857469  -1.9205470   0.2432576  -0.0093748
   0.1781592   0.2432576   1.6901675  -0.6984133
   0.5022037  -0.0093748  -0.6984133  -1.5622027

lambda =  2
ans =

Diagonal Matrix

   1   0   0
   0   1   0
   0   0   1

lambda =  2
sigma =  1.7926
Z =

   0.48575
   0.17816
   0.50220

v =

   3.9205470  -0.2432576   0.0093748
  -0.2432576   0.3098325   0.6984133
   0.0093748   0.6984133   3.5622027

v =

   3.9205470  -0.2432576   0.0093748
  -0.2432576   0.3098325   0.6984133
   0.0093748   0.6984133   3.5622027

ans =

   0.279870   0.396732  -0.078521
   0.396732   6.346079  -1.245270
  -0.078521  -1.245270   0.525082

retval =

   0.1671941
   0.6979444
   0.0037007

Q =

   0.1671941
   0.6979444
   0.0037007

m =  1.2309
b0 =  0.81242
b1 =  0.13583
b2 =  0.56702
b3 =  0.0030065
retval =

   0.35695   0.15892  -0.92050
   0.14915   0.96308   0.22411
   0.92214  -0.21730   0.32007

Q_ROT =

   0.35695   0.15892  -0.92050
   0.14915   0.96308   0.22411
   0.92214  -0.21730   0.32007

retval =   -5.7143e-16
f =   -5.7143e-16
retval =   -5.7143e-16
retval =  0.0033511
retval =  3.3511
po =  3.3511
MROT =

   0.35695   0.15892  -0.92050
   0.14915   0.96308   0.22411
   0.92214  -0.21730   0.32007

TRIAD_ROT =

   0.35695   0.15892  -0.92050
   0.14915   0.96308   0.22411
   0.92214  -0.21730   0.32007

Q_ROT =

   0.35695   0.15892  -0.92050
   0.14915   0.96308   0.22411
   0.92214  -0.21730   0.32007

ans =

   1.0000e+00  -1.0816e-16  -1.8689e-16
   2.6201e-17   1.0000e+00   7.1674e-18
   1.3735e-16   1.3931e-17   1.0000e+00

ans =

   1.0000e+00  -8.0394e-16  -2.8382e-15
   7.6364e-16   1.0000e+00   5.8278e-16
   2.7610e-15  -5.7079e-16   1.0000e+00

f =   -5.7143e-16
po =  3.3511
ans =   -1.7052e-16
lambda =  2
ans =

Diagonal Matrix

   1   0   0
   0   1   0
   0   0   1

lambda =  2
sigma =  1.7926
Z =

   0.48575
   0.17816
   0.50220

v =

   3.9205470  -0.2432576   0.0093748
  -0.2432576   0.3098325   0.6984133
   0.0093748   0.6984133   3.5622027

v =

   3.9205470  -0.2432576   0.0093748
  -0.2432576   0.3098325   0.6984133
   0.0093748   0.6984133   3.5622027

ans =

   0.279870   0.396732  -0.078521
   0.396732   6.346079  -1.245270
  -0.078521  -1.245270   0.525082

retval =

   0.1671941
   0.6979444
   0.0037007

Q =

   0.1671941
   0.6979444
   0.0037007

m =  1.2309
b0 =  0.81242
b1 =  0.13583
b2 =  0.56702
b3 =  0.0030065
retval =

   0.35695   0.15892  -0.92050
   0.14915   0.96308   0.22411
   0.92214  -0.21730   0.32007

Q_ROT2 =

   0.35695   0.15892  -0.92050
   0.14915   0.96308   0.22411
   0.92214  -0.21730   0.32007

Q_ROT2 =

   0.35695   0.15892  -0.92050
   0.14915   0.96308   0.22411
   0.92214  -0.21730   0.32007

Q_ROT =

   0.35695   0.15892  -0.92050
   0.14915   0.96308   0.22411
   0.92214  -0.21730   0.32007

TRIAD_ROT =

   0.35695   0.15892  -0.92050
   0.14915   0.96308   0.22411
   0.92214  -0.21730   0.32007

MROT =

   0.35695   0.15892  -0.92050
   0.14915   0.96308   0.22411
   0.92214  -0.21730   0.32007

data_syriusz =

   -0.18746   -0.18541   -0.18336
    0.93922    0.93962    0.94003
   -0.28763   -0.28763   -0.28763
    0.34712    0.34791    0.34871
    0.81212    0.81282    0.81351
   -0.46901   -0.46721   -0.46540
    0.00000   30.00000   60.00000
   66.85714   66.82746   66.79776
  -27.96994  -27.85313  -27.73633

data_betelgeza =

    0.02090    0.02306    0.02522
    0.99144    0.99139    0.99133
    0.12892    0.12892    0.12892
    0.04635    0.04712    0.04788
    0.98684    0.98712    0.98739
   -0.15490   -0.15290   -0.15089
    0.00000   30.00000   60.00000
   87.31071   87.26720   87.22374
   -8.91106   -8.79480   -8.67853

data_aldebaran =

    0.34390    0.34586    0.34781
    0.89497    0.89422    0.89346
    0.28417    0.28417    0.28417
    0.00341    0.00399    0.00456
    0.97691    0.97648    0.97604
    0.21361    0.21557    0.21753
    0.00000   30.00000   60.00000
   89.80004   89.76610   89.73219
   12.33388   12.44905   12.56423

