$$$$$$$$$$$$ : 1
t = -30
  -0.4590950561   0.1150537417   0.8809054240
   0.4590950561  -0.1150537417  -0.8809054240
  -0.7349542725   0.5815122570   0.3488347922
   0.7349542725  -0.5815122570  -0.3488347922
   0   0   0
$$$$$$$$$$$$
$$$$$$$$$$$$ : 1
t = 0
  -0.4593449717   0.1140518786   0.8809054240
   0.4593449717  -0.1140518786  -0.8809054240
  -0.7355755286   0.5806897352   0.3488955046
   0.7355755286  -0.5806897352  -0.3488955046
   0.000036653830062   0.000023381200458   0.000008661196308
$$$$$$$$$$$$
$$$$$$$$$$$$ : 1
t =  30
  -0.5365190411   0.1366439736   0.8327519096
   0.5365190411  -0.1366439736  -0.8327519096
  -0.7595966595   0.5963154111   0.2596552434
   0.7595966595  -0.5963154111  -0.2596552434
   0   0   0
$$$$$$$$$$$$
$$$$$$$$$$$$ : 1
t =  60
  -0.5368158750   0.1354731464   0.8327519096
   0.5368158750  -0.1354731464  -0.8327519096
  -0.7603262679   0.5953552037   0.2597232138
   0.7603262679  -0.5953552037  -0.2597232138
   0.000041621827074   0.000022870489884   0.000007122527473
$$$$$$$$$$$$
$$$$$$$$$$$$ : 1
t =  90
  -0.59198772143   0.01075995061   0.80587515233
   0.59198772143  -0.01075995061  -0.80587515233
  -0.8422691720   0.4865382353   0.2320844407
   0.8422691720  -0.4865382353  -0.2320844407
   0   0   0
$$$$$$$$$$$$
$$$$$$$$$$$$ : 1
t =  120
  -0.592009787159   0.009468409170   0.805875152326
   0.592009787159  -0.009468409170  -0.805875152326
  -0.8428449751   0.4854129139   0.2323502766
   0.8428449751  -0.4854129139  -0.2323502766
   0.000043265562253   0.000044871070316   0.000003939389449
$$$$$$$$$$$$
$$$$$$$$$$$$ : 1
t =  150
  -0.592029035129   0.008176822663   0.805875152326
   0.592029035129  -0.008176822663  -0.805875152326
  -0.8434186844   0.4842869430   0.2326178833
   0.8434186844  -0.4842869430  -0.2326178833
   0.000043254706944   0.000045137932258   0.000004020003646
$$$$$$$$$$$$
$$$$$$$$$$$$ : 1
t =  180
  -0.592045465250   0.006885197237   0.805875152326
   0.592045465250  -0.006885197237  -0.805875152326
  -0.8439902972   0.4831603280   0.2328872595
   0.8439902972  -0.4831603280  -0.2328872595
   0.000043243783282   0.000045405709614   0.000004100447444
$$$$$$$$$$$$
$$$$$$$$$$$$ : 1
t =  210
  -0.592059077445   0.005593539040   0.805875152326
   0.592059077445  -0.005593539040  -0.805875152326
  -0.8445598108   0.4820330742   0.2331584041
   0.8445598108  -0.4820330742  -0.2331584041
   0.000043232791391   0.000045674401158   0.000004180722066
$$$$$$$$$$$$
$$$$$$$$$$$$ : 1
t =  240
  -0.592069871649   0.004301854219   0.805875152326
   0.592069871649  -0.004301854219  -0.805875152326
  -0.8451272224   0.4809051870   0.2334313157
   0.8451272224  -0.4809051870  -0.2334313157
   0.000043221731399   0.000045944005542   0.000004260828213
$$$$$$$$$$$$
$$$$$$$$$$$$ : 1
t =  270
  -0.592077847810   0.003010148924   0.805875152326
   0.592077847810  -0.003010148924  -0.805875152326
  -0.8456925293   0.4797766717   0.2337059930
   0.8456925293  -0.4797766717  -0.2337059930
   0.000043210603425   0.000046214521312   0.000004340766972
$$$$$$$$$$$$
$$$$$$$$$$$$ : 1
t =  300
  -0.592083005891   0.001718429301   0.805875152326
   0.592083005891  -0.001718429301  -0.805875152326
  -0.8462557289   0.4786475338   0.2339824347
   0.8462557289  -0.4786475338  -0.2339824347
   0.000043199407591   0.000046485946885   0.000004420539247
$$$$$$$$$$$$
