t = 0
alfa =  0.52360
beta =  0.52360
gamma =  0.52360
rz =

   0.86603   0.50000   0.00000
  -0.50000   0.86603   0.00000
   0.00000   0.00000   1.00000

ry =

   0.86603   0.00000  -0.50000
   0.00000   1.00000   0.00000
   0.50000   0.00000   0.86603

rx =

   1.00000   0.00000   0.00000
   0.00000   0.86603   0.50000
   0.00000  -0.50000   0.86603

retval =

   0.75000  -0.21651   0.62500
   0.43301   0.87500  -0.21651
  -0.50000   0.43301   0.75000

rotM =

   0.75000  -0.21651   0.62500
   0.43301   0.87500  -0.21651
  -0.50000   0.43301   0.75000

rotMInv =

   0.75000   0.43301  -0.50000
  -0.21651   0.87500   0.43301
   0.62500  -0.21651   0.75000

dT =  30
size =  2
x =

   11.0000    3.0000   43.4100

y =

   61.00000   45.00000    6.40000    0.00000

rad =  165.93
retval =  2.8960
retval =  2.8960
refX =  2.8960
rad =  61.752
out = 0
retval =  1.0778
out =  1.0778
retval =  1.0778
refY =  1.0778
outmatrixC =

Diagonal Matrix

   1   0
   0   1
   0   0
   0   0
   0   0
   0   0
   0   0

res =

   0
   0
   0

res =

  -0.45910
   0.00000
   0.00000

res =

  -0.45910
   0.11505
   0.00000

res =

  -0.45910
   0.11505
   0.88091

retval =

  -0.45910
   0.11505
   0.88091

ref =

  -0.45910
   0.11505
   0.88091

i = 0
t = 0
dT =  30
deltaT = 0
rad = 0
retval =

   1   0   0
   0   1   0
   0   0   1

rotTime =

   1   0   0
   0   1   0
   0   0   1

newRef =

  -0.45910
   0.11505
   0.88091

ob =

   0.18133
  -0.28884
   0.94005

outmatrixC =

Diagonal Matrix

  -0.45910         0
         0   1.00000
         0         0
         0         0
         0         0
         0         0
         0         0

outmatrixC =

  -0.45910   0.00000
   0.11505   1.00000
   0.00000   0.00000
   0.00000   0.00000
   0.00000   0.00000
   0.00000   0.00000
   0.00000   0.00000

outmatrixC =

  -0.45910   0.00000
   0.11505   1.00000
   0.88091   0.00000
   0.00000   0.00000
   0.00000   0.00000
   0.00000   0.00000
   0.00000   0.00000

outmatrixC =

  -0.45910   0.00000
   0.11505   1.00000
   0.88091   0.00000
   0.18133   0.00000
   0.00000   0.00000
   0.00000   0.00000
   0.00000   0.00000

outmatrixC =

  -0.45910   0.00000
   0.11505   1.00000
   0.88091   0.00000
   0.18133   0.00000
  -0.28884   0.00000
   0.00000   0.00000
   0.00000   0.00000

outmatrixC =

  -0.45910   0.00000
   0.11505   1.00000
   0.88091   0.00000
   0.18133   0.00000
  -0.28884   0.00000
   0.94005   0.00000
   0.00000   0.00000

outmatrixC =

  -0.45910   0.00000
   0.11505   1.00000
   0.88091   0.00000
   0.18133   0.00000
  -0.28884   0.00000
   0.94005   0.00000
   0.00000   0.00000

i =  1
deltaT =  30
rad =  0.0021817
retval =

   1.00000   0.00218   0.00000
  -0.00218   1.00000   0.00000
   0.00000   0.00000   1.00000

rotTime =

   1.00000   0.00218   0.00000
  -0.00218   1.00000   0.00000
   0.00000   0.00000   1.00000

newRef =

  -0.45884
   0.11606
   0.88091

ob =

   0.18131
  -0.28786
   0.94035

outmatrixC =

  -0.45910  -0.45884
   0.11505   1.00000
   0.88091   0.00000
   0.18133   0.00000
  -0.28884   0.00000
   0.94005   0.00000
   0.00000   0.00000

outmatrixC =

  -0.45910  -0.45884
   0.11505   0.11606
   0.88091   0.00000
   0.18133   0.00000
  -0.28884   0.00000
   0.94005   0.00000
   0.00000   0.00000

outmatrixC =

  -0.45910  -0.45884
   0.11505   0.11606
   0.88091   0.88091
   0.18133   0.00000
  -0.28884   0.00000
   0.94005   0.00000
   0.00000   0.00000

outmatrixC =

  -0.45910  -0.45884
   0.11505   0.11606
   0.88091   0.88091
   0.18133   0.18131
  -0.28884   0.00000
   0.94005   0.00000
   0.00000   0.00000

outmatrixC =

  -0.45910  -0.45884
   0.11505   0.11606
   0.88091   0.88091
   0.18133   0.18131
  -0.28884  -0.28786
   0.94005   0.00000
   0.00000   0.00000

outmatrixC =

  -0.45910  -0.45884
   0.11505   0.11606
   0.88091   0.88091
   0.18133   0.18131
  -0.28884  -0.28786
   0.94005   0.94035
   0.00000   0.00000

outmatrixC =

   -0.45910   -0.45884
    0.11505    0.11606
    0.88091    0.88091
    0.18133    0.18131
   -0.28884   -0.28786
    0.94005    0.94035
    0.00000   30.00000

i =  2
retval =

   -0.45910   -0.45884
    0.11505    0.11606
    0.88091    0.88091
    0.18133    0.18131
   -0.28884   -0.28786
    0.94005    0.94035
    0.00000   30.00000

mes1 =

   -0.45910   -0.45884
    0.11505    0.11606
    0.88091    0.88091
    0.18133    0.18131
   -0.28884   -0.28786
    0.94005    0.94035
    0.00000   30.00000

x =

   11.0000    1.0000   50.7200

y =

   56.00000   22.00000   56.90000    0.00000

rad =  165.46
retval =  2.8878
retval =  2.8878
refX =  2.8878
rad =  56.382
out = 0
retval =  0.98406
out =  0.98406
retval =  0.98406
refY =  0.98406
outmatrixC =

Diagonal Matrix

   1   0
   0   1
   0   0
   0   0
   0   0
   0   0
   0   0

res =

   0
   0
   0

res =

  -0.53592
   0.00000
   0.00000

res =

  -0.53592
   0.13898
   0.00000

res =

  -0.53592
   0.13898
   0.83275

retval =

  -0.53592
   0.13898
   0.83275

ref =

  -0.53592
   0.13898
   0.83275

i = 0
t =  60
dT =  30
deltaT =  60
rad =  0.0043633
retval =

   0.99999   0.00436   0.00000
  -0.00436   0.99999   0.00000
   0.00000   0.00000   1.00000

rotTime =

   0.99999   0.00436   0.00000
  -0.00436   0.99999   0.00000
   0.00000   0.00000   1.00000

newRef =

  -0.53531
   0.14132
   0.83275

ob =

   0.088393
  -0.288435
   0.953411

outmatrixC =

Diagonal Matrix

  -0.53531         0
         0   1.00000
         0         0
         0         0
         0         0
         0         0
         0         0

outmatrixC =

  -0.53531   0.00000
   0.14132   1.00000
   0.00000   0.00000
   0.00000   0.00000
   0.00000   0.00000
   0.00000   0.00000
   0.00000   0.00000

outmatrixC =

  -0.53531   0.00000
   0.14132   1.00000
   0.83275   0.00000
   0.00000   0.00000
   0.00000   0.00000
   0.00000   0.00000
   0.00000   0.00000

outmatrixC =

  -0.53531   0.00000
   0.14132   1.00000
   0.83275   0.00000
   0.08839   0.00000
   0.00000   0.00000
   0.00000   0.00000
   0.00000   0.00000

outmatrixC =

  -0.53531   0.00000
   0.14132   1.00000
   0.83275   0.00000
   0.08839   0.00000
  -0.28843   0.00000
   0.00000   0.00000
   0.00000   0.00000

outmatrixC =

  -0.53531   0.00000
   0.14132   1.00000
   0.83275   0.00000
   0.08839   0.00000
  -0.28843   0.00000
   0.95341   0.00000
   0.00000   0.00000

outmatrixC =

   -0.53531    0.00000
    0.14132    1.00000
    0.83275    0.00000
    0.08839    0.00000
   -0.28843    0.00000
    0.95341    0.00000
   60.00000    0.00000

i =  1
deltaT =  90
rad =  0.0065450
retval =

   0.99998   0.00654   0.00000
  -0.00654   0.99998   0.00000
   0.00000   0.00000   1.00000

rotTime =

   0.99998   0.00654   0.00000
  -0.00654   0.99998   0.00000
   0.00000   0.00000   1.00000

newRef =

  -0.53500
   0.14249
   0.83275

ob =

   0.088373
  -0.287279
   0.953761

outmatrixC =

   -0.53531   -0.53500
    0.14132    1.00000
    0.83275    0.00000
    0.08839    0.00000
   -0.28843    0.00000
    0.95341    0.00000
   60.00000    0.00000

outmatrixC =

   -0.53531   -0.53500
    0.14132    0.14249
    0.83275    0.00000
    0.08839    0.00000
   -0.28843    0.00000
    0.95341    0.00000
   60.00000    0.00000

outmatrixC =

   -0.53531   -0.53500
    0.14132    0.14249
    0.83275    0.83275
    0.08839    0.00000
   -0.28843    0.00000
    0.95341    0.00000
   60.00000    0.00000

outmatrixC =

   -0.53531   -0.53500
    0.14132    0.14249
    0.83275    0.83275
    0.08839    0.08837
   -0.28843    0.00000
    0.95341    0.00000
   60.00000    0.00000

outmatrixC =

   -0.53531   -0.53500
    0.14132    0.14249
    0.83275    0.83275
    0.08839    0.08837
   -0.28843   -0.28728
    0.95341    0.00000
   60.00000    0.00000

outmatrixC =

   -0.53531   -0.53500
    0.14132    0.14249
    0.83275    0.83275
    0.08839    0.08837
   -0.28843   -0.28728
    0.95341    0.95376
   60.00000    0.00000

outmatrixC =

   -0.535306   -0.534997
    0.141321    0.142488
    0.832752    0.832752
    0.088393    0.088373
   -0.288435   -0.287279
    0.953411    0.953761
   60.000000   90.000000

i =  2
retval =

   -0.535306   -0.534997
    0.141321    0.142488
    0.832752    0.832752
    0.088393    0.088373
   -0.288435   -0.287279
    0.953411    0.953761
   60.000000   90.000000

mes2 =

   -0.535306   -0.534997
    0.141321    0.142488
    0.832752    0.832752
    0.088393    0.088373
   -0.288435   -0.287279
    0.953411    0.953761
   60.000000   90.000000

x =

   11.000   53.000   50.090

y =

   53.00000   41.00000   41.49000    0.00000

rad =  178.46
retval =  3.1147
retval =  3.1147
refX =  3.1147
rad =  53.695
out = 0
retval =  0.93715
out =  0.93715
retval =  0.93715
refY =  0.93715
outmatrixC =

Diagonal Matrix

   1   0
   0   1
   0   0
   0   0
   0   0
   0   0
   0   0

res =

   0
   0
   0

res =

  -0.59187
   0.00000
   0.00000

res =

  -0.59187
   0.01593
   0.00000

res =

  -0.591871
   0.015926
   0.805875

retval =

  -0.591871
   0.015926
   0.805875

ref =

  -0.591871
   0.015926
   0.805875

i = 0
t =  120
dT =  30
deltaT =  120
rad =  0.0087266
retval =

   0.99996   0.00873   0.00000
  -0.00873   0.99996   0.00000
   0.00000   0.00000   1.00000

rotTime =

   0.99996   0.00873   0.00000
  -0.00873   0.99996   0.00000
   0.00000   0.00000   1.00000

newRef =

  -0.591710
   0.021090
   0.805875

ob =

   0.055324
  -0.412241
   0.909393

outmatrixC =

Diagonal Matrix

  -0.59171         0
         0   1.00000
         0         0
         0         0
         0         0
         0         0
         0         0

outmatrixC =

  -0.59171   0.00000
   0.02109   1.00000
   0.00000   0.00000
   0.00000   0.00000
   0.00000   0.00000
   0.00000   0.00000
   0.00000   0.00000

outmatrixC =

  -0.59171   0.00000
   0.02109   1.00000
   0.80588   0.00000
   0.00000   0.00000
   0.00000   0.00000
   0.00000   0.00000
   0.00000   0.00000

outmatrixC =

  -0.59171   0.00000
   0.02109   1.00000
   0.80588   0.00000
   0.05532   0.00000
   0.00000   0.00000
   0.00000   0.00000
   0.00000   0.00000

outmatrixC =

  -0.59171   0.00000
   0.02109   1.00000
   0.80588   0.00000
   0.05532   0.00000
  -0.41224   0.00000
   0.00000   0.00000
   0.00000   0.00000

outmatrixC =

  -0.59171   0.00000
   0.02109   1.00000
   0.80588   0.00000
   0.05532   0.00000
  -0.41224   0.00000
   0.90939   0.00000
   0.00000   0.00000

outmatrixC =

    -0.59171     0.00000
     0.02109     1.00000
     0.80588     0.00000
     0.05532     0.00000
    -0.41224     0.00000
     0.90939     0.00000
   120.00000     0.00000

i =  1
deltaT =  150
rad =  0.010908
retval =

   0.99994   0.01091   0.00000
  -0.01091   0.99994   0.00000
   0.00000   0.00000   1.00000

rotTime =

   0.99994   0.01091   0.00000
  -0.01091   0.99994   0.00000
   0.00000   0.00000   1.00000

newRef =

  -0.591662
   0.022381
   0.805875

ob =

   0.055080
  -0.411091
   0.909929

outmatrixC =

    -0.59171    -0.59166
     0.02109     1.00000
     0.80588     0.00000
     0.05532     0.00000
    -0.41224     0.00000
     0.90939     0.00000
   120.00000     0.00000

outmatrixC =

    -0.59171    -0.59166
     0.02109     0.02238
     0.80588     0.00000
     0.05532     0.00000
    -0.41224     0.00000
     0.90939     0.00000
   120.00000     0.00000

outmatrixC =

    -0.59171    -0.59166
     0.02109     0.02238
     0.80588     0.80588
     0.05532     0.00000
    -0.41224     0.00000
     0.90939     0.00000
   120.00000     0.00000

outmatrixC =

    -0.59171    -0.59166
     0.02109     0.02238
     0.80588     0.80588
     0.05532     0.05508
    -0.41224     0.00000
     0.90939     0.00000
   120.00000     0.00000

outmatrixC =

    -0.59171    -0.59166
     0.02109     0.02238
     0.80588     0.80588
     0.05532     0.05508
    -0.41224    -0.41109
     0.90939     0.00000
   120.00000     0.00000

outmatrixC =

    -0.59171    -0.59166
     0.02109     0.02238
     0.80588     0.80588
     0.05532     0.05508
    -0.41224    -0.41109
     0.90939     0.90993
   120.00000     0.00000

outmatrixC =

    -0.591710    -0.591662
     0.021090     0.022381
     0.805875     0.805875
     0.055324     0.055080
    -0.412241    -0.411091
     0.909393     0.909929
   120.000000   150.000000

i =  2
retval =

    -0.591710    -0.591662
     0.021090     0.022381
     0.805875     0.805875
     0.055324     0.055080
    -0.412241    -0.411091
     0.909393     0.909929
   120.000000   150.000000

mes3 =

    -0.591710    -0.591662
     0.021090     0.022381
     0.805875     0.805875
     0.055324     0.055080
    -0.412241    -0.411091
     0.909393     0.909929
   120.000000   150.000000

w =  0.062500
err_ = 0
err =

   0   0   0

epsylon =

   0   0   0

ref =

  -0.45910
   0.11505
   0.88091

obs =

   0.18133
  -0.28884
   0.94005

retval =

  -0.0052031   0.0013040   0.0099837
   0.0082879  -0.0020770  -0.0159027
  -0.0269732   0.0067597   0.0517557

B_0 =

  -0.0052031   0.0013040   0.0099837
   0.0082879  -0.0020770  -0.0159027
  -0.0269732   0.0067597   0.0517557

retval =

  -0.0104062   0.0095919  -0.0169895
   0.0095919  -0.0041541  -0.0091430
  -0.0169895  -0.0091430   0.1035115

S_0 =

  -0.0104062   0.0095919  -0.0169895
   0.0095919  -0.0041541  -0.0091430
  -0.0169895  -0.0091430   0.1035115

retval =

  -0.0226625
  -0.0369568
  -0.0069840

Z_0 =

  -0.0226625
  -0.0369568
  -0.0069840

retval =  0.044476
sigma_0 =  0.044476
K =

Diagonal Matrix

   1   0   0   0
   0   1   0   0
   0   0   1   0
   0   0   0   1

q1 =

  -0.0548818   0.0095919  -0.0169895
   0.0095919  -0.0486297  -0.0091430
  -0.0169895  -0.0091430   0.0590359

K =

Diagonal Matrix

  -0.054882          0          0          0
          0   1.000000          0          0
          0          0   1.000000          0
          0          0          0   1.000000

K =

  -0.05488   0.00000   0.00000   0.00000
   0.00959   1.00000   0.00000   0.00000
   0.00000   0.00000   1.00000   0.00000
   0.00000   0.00000   0.00000   1.00000

K =

  -0.05488   0.00000   0.00000   0.00000
   0.00959   1.00000   0.00000   0.00000
  -0.01699   0.00000   1.00000   0.00000
   0.00000   0.00000   0.00000   1.00000

K =

  -0.05488   0.00959   0.00000   0.00000
   0.00959   1.00000   0.00000   0.00000
  -0.01699   0.00000   1.00000   0.00000
   0.00000   0.00000   0.00000   1.00000

K =

  -0.05488   0.00959   0.00000   0.00000
   0.00959  -0.04863   0.00000   0.00000
  -0.01699   0.00000   1.00000   0.00000
   0.00000   0.00000   0.00000   1.00000

K =

  -0.05488   0.00959   0.00000   0.00000
   0.00959  -0.04863   0.00000   0.00000
  -0.01699  -0.00914   1.00000   0.00000
   0.00000   0.00000   0.00000   1.00000

K =

  -0.05488   0.00959  -0.01699   0.00000
   0.00959  -0.04863   0.00000   0.00000
  -0.01699  -0.00914   1.00000   0.00000
   0.00000   0.00000   0.00000   1.00000

K =

  -0.05488   0.00959  -0.01699   0.00000
   0.00959  -0.04863  -0.00914   0.00000
  -0.01699  -0.00914   1.00000   0.00000
   0.00000   0.00000   0.00000   1.00000

K =

  -0.05488   0.00959  -0.01699   0.00000
   0.00959  -0.04863  -0.00914   0.00000
  -0.01699  -0.00914   0.05904   0.00000
   0.00000   0.00000   0.00000   1.00000

K =

  -0.05488   0.00959  -0.01699   0.00000
   0.00959  -0.04863  -0.00914   0.00000
  -0.01699  -0.00914   0.05904   0.00000
  -0.02266   0.00000   0.00000   1.00000

K =

  -0.05488   0.00959  -0.01699   0.00000
   0.00959  -0.04863  -0.00914   0.00000
  -0.01699  -0.00914   0.05904   0.00000
  -0.02266  -0.03696   0.00000   1.00000

K =

  -0.05488   0.00959  -0.01699   0.00000
   0.00959  -0.04863  -0.00914   0.00000
  -0.01699  -0.00914   0.05904   0.00000
  -0.02266  -0.03696  -0.00698   1.00000

K =

  -0.054882   0.009592  -0.016989   0.000000
   0.009592  -0.048630  -0.009143   0.000000
  -0.016989  -0.009143   0.059036   0.000000
  -0.022662  -0.036957  -0.006984   0.044476

K =

  -0.054882   0.009592  -0.016989  -0.022662
   0.009592  -0.048630  -0.009143   0.000000
  -0.016989  -0.009143   0.059036   0.000000
  -0.022662  -0.036957  -0.006984   0.044476

K =

  -0.054882   0.009592  -0.016989  -0.022662
   0.009592  -0.048630  -0.009143  -0.036957
  -0.016989  -0.009143   0.059036   0.000000
  -0.022662  -0.036957  -0.006984   0.044476

K =

  -0.0548818   0.0095919  -0.0169895  -0.0226625
   0.0095919  -0.0486297  -0.0091430  -0.0369568
  -0.0169895  -0.0091430   0.0590359  -0.0069840
  -0.0226625  -0.0369568  -0.0069840   0.0444756

retval =

  -0.87811   0.15347  -0.27183  -0.36260
   0.15347  -0.77807  -0.14629  -0.59131
  -0.27183  -0.14629   0.94457  -0.11174
  -0.36260  -0.59131  -0.11174   0.71161

delta_K_0 =

  -0.87811   0.15347  -0.27183  -0.36260
   0.15347  -0.77807  -0.14629  -0.59131
  -0.27183  -0.14629   0.94457  -0.11174
  -0.36260  -0.59131  -0.11174   0.71161

K_0_0 =

  -0.87811   0.15347  -0.27183  -0.36260
   0.15347  -0.77807  -0.14629  -0.59131
  -0.27183  -0.14629   0.94457  -0.11174
  -0.36260  -0.59131  -0.11174   0.71161

delta_m_0 =  0.062500
m_0 =  0.062500
mi =  0.0019781
n =  1
a1 =

Diagonal Matrix

   2.4936        0        0
        0   2.4936        0
        0        0   2.4936

a2 =

  -0.118483   0.109211  -0.193438
   0.109211  -0.047297  -0.104100
  -0.193438  -0.104100   1.178556

res =

Diagonal Matrix

   1   0   0
   0   1   0
   0   0   1

res =

Diagonal Matrix

   0   0   0
   0   1   0
   0   0   1

res =

   0.00000   0.00000   0.00000
   0.88091   1.00000   0.00000
   0.00000   0.00000   1.00000

res =

   0.00000   0.00000   0.00000
   0.88091   1.00000   0.00000
  -0.11505   0.00000   1.00000

res =

   0.00000  -0.88091   0.00000
   0.88091   1.00000   0.00000
  -0.11505   0.00000   1.00000

res =

   0.00000  -0.88091   0.00000
   0.88091   0.00000   0.00000
  -0.11505   0.00000   1.00000

res =

   0.00000  -0.88091   0.00000
   0.88091   0.00000   0.00000
  -0.11505  -0.45910   1.00000

res =

   0.00000  -0.88091   0.11505
   0.88091   0.00000   0.00000
  -0.11505  -0.45910   1.00000

res =

   0.00000  -0.88091   0.11505
   0.88091   0.00000   0.45910
  -0.11505  -0.45910   1.00000

res =

   0.00000  -0.88091   0.11505
   0.88091   0.00000   0.45910
  -0.11505  -0.45910   0.00000

retval =

   0.00000  -0.88091   0.11505
   0.88091   0.00000   0.45910
  -0.11505  -0.45910   0.00000

res =

Diagonal Matrix

   1   0   0
   0   1   0
   0   0   1

res =

Diagonal Matrix

   0   0   0
   0   1   0
   0   0   1

res =

   0.00000   0.00000   0.00000
   0.88091   1.00000   0.00000
   0.00000   0.00000   1.00000

res =

   0.00000   0.00000   0.00000
   0.88091   1.00000   0.00000
  -0.11505   0.00000   1.00000

res =

   0.00000  -0.88091   0.00000
   0.88091   1.00000   0.00000
  -0.11505   0.00000   1.00000

res =

   0.00000  -0.88091   0.00000
   0.88091   0.00000   0.00000
  -0.11505   0.00000   1.00000

res =

   0.00000  -0.88091   0.00000
   0.88091   0.00000   0.00000
  -0.11505  -0.45910   1.00000

res =

   0.00000  -0.88091   0.11505
   0.88091   0.00000   0.00000
  -0.11505  -0.45910   1.00000

res =

   0.00000  -0.88091   0.11505
   0.88091   0.00000   0.45910
  -0.11505  -0.45910   1.00000

res =

   0.00000  -0.88091   0.11505
   0.88091   0.00000   0.45910
  -0.11505  -0.45910   0.00000

retval =

   0.00000  -0.88091   0.11505
   0.88091   0.00000   0.45910
  -0.11505  -0.45910   0.00000

a3 =

   0.131479   0.214409   0.040518
   0.214409   0.349647   0.066075
   0.040518   0.066075   0.012487

retval =

   0.004958267   0.000640144  -0.000302488
   0.000640144   0.005530631  -0.000075216
  -0.000302488  -0.000075216   0.007288536

R11 =

   0.004958267   0.000640144  -0.000302488
   0.000640144   0.005530631  -0.000075216
  -0.000302488  -0.000075216   0.007288536

retval =

   0   0   0

R12 =

   0   0   0

retval =

   0
   0
   0

R21 =

   0
   0
   0

retval =  0.0039562
R22 =  0.0039562
res =

Diagonal Matrix

   1   0   0   0
   0   1   0   0
   0   0   1   0
   0   0   0   1

res =

Diagonal Matrix

   0.0049583           0           0           0
           0   1.0000000           0           0
           0           0   1.0000000           0
           0           0           0   1.0000000

res =

   0.00496   0.00000   0.00000   0.00000
   0.00064   1.00000   0.00000   0.00000
   0.00000   0.00000   1.00000   0.00000
   0.00000   0.00000   0.00000   1.00000

res =

   0.00496   0.00000   0.00000   0.00000
   0.00064   1.00000   0.00000   0.00000
  -0.00030   0.00000   1.00000   0.00000
   0.00000   0.00000   0.00000   1.00000

res =

   0.00496   0.00064   0.00000   0.00000
   0.00064   1.00000   0.00000   0.00000
  -0.00030   0.00000   1.00000   0.00000
   0.00000   0.00000   0.00000   1.00000

res =

   0.00496   0.00064   0.00000   0.00000
   0.00064   0.00553   0.00000   0.00000
  -0.00030   0.00000   1.00000   0.00000
   0.00000   0.00000   0.00000   1.00000

res =

   0.00496   0.00064   0.00000   0.00000
   0.00064   0.00553   0.00000   0.00000
  -0.00030  -0.00008   1.00000   0.00000
   0.00000   0.00000   0.00000   1.00000

res =

   0.00496   0.00064  -0.00030   0.00000
   0.00064   0.00553   0.00000   0.00000
  -0.00030  -0.00008   1.00000   0.00000
   0.00000   0.00000   0.00000   1.00000

res =

   0.00496   0.00064  -0.00030   0.00000
   0.00064   0.00553  -0.00008   0.00000
  -0.00030  -0.00008   1.00000   0.00000
   0.00000   0.00000   0.00000   1.00000

res =

   0.00496   0.00064  -0.00030   0.00000
   0.00064   0.00553  -0.00008   0.00000
  -0.00030  -0.00008   0.00729   0.00000
   0.00000   0.00000   0.00000   1.00000

res =

   0.00496   0.00064  -0.00030   0.00000
   0.00064   0.00553  -0.00008   0.00000
  -0.00030  -0.00008   0.00729   0.00000
   0.00000   0.00000   0.00000   1.00000

res =

   0.00496   0.00064  -0.00030   0.00000
   0.00064   0.00553  -0.00008   0.00000
  -0.00030  -0.00008   0.00729   0.00000
   0.00000   0.00000   0.00000   1.00000

res =

   0.00496   0.00064  -0.00030   0.00000
   0.00064   0.00553  -0.00008   0.00000
  -0.00030  -0.00008   0.00729   0.00000
   0.00000   0.00000   0.00000   1.00000

res =

   0.00496   0.00064  -0.00030   0.00000
   0.00064   0.00553  -0.00008   0.00000
  -0.00030  -0.00008   0.00729   0.00000
   0.00000   0.00000   0.00000   1.00000

res =

   0.00496   0.00064  -0.00030   0.00000
   0.00064   0.00553  -0.00008   0.00000
  -0.00030  -0.00008   0.00729   0.00000
   0.00000   0.00000   0.00000   1.00000

res =

   0.00496   0.00064  -0.00030   0.00000
   0.00064   0.00553  -0.00008   0.00000
  -0.00030  -0.00008   0.00729   0.00000
   0.00000   0.00000   0.00000   1.00000

res =

   0.0049583   0.0006401  -0.0003025   0.0000000
   0.0006401   0.0055306  -0.0000752   0.0000000
  -0.0003025  -0.0000752   0.0072885   0.0000000
   0.0000000   0.0000000   0.0000000   0.0039562

retval =

   0.0049583   0.0006401  -0.0003025   0.0000000
   0.0006401   0.0055306  -0.0000752   0.0000000
  -0.0003025  -0.0000752   0.0072885   0.0000000
   0.0000000   0.0000000   0.0000000   0.0039562

retval =

   0.0049583   0.0006401  -0.0003025   0.0000000
   0.0006401   0.0055306  -0.0000752   0.0000000
  -0.0003025  -0.0000752   0.0072885   0.0000000
   0.0000000   0.0000000   0.0000000   0.0039562

R_0_0 =

   0.0049583   0.0006401  -0.0003025   0.0000000
   0.0006401   0.0055306  -0.0000752   0.0000000
  -0.0003025  -0.0000752   0.0072885   0.0000000
   0.0000000   0.0000000   0.0000000   0.0039562

P_0_0 =

   0.0049583   0.0006401  -0.0003025   0.0000000
   0.0006401   0.0055306  -0.0000752   0.0000000
  -0.0003025  -0.0000752   0.0072885   0.0000000
   0.0000000   0.0000000   0.0000000   0.0039562

P_k_k =

   0.0049583   0.0006401  -0.0003025   0.0000000
   0.0006401   0.0055306  -0.0000752   0.0000000
  -0.0003025  -0.0000752   0.0072885   0.0000000
   0.0000000   0.0000000   0.0000000   0.0039562

K_k_k =

  -0.87811   0.15347  -0.27183  -0.36260
   0.15347  -0.77807  -0.14629  -0.59131
  -0.27183  -0.14629   0.94457  -0.11174
  -0.36260  -0.59131  -0.11174   0.71161

m_k =  0.062500
omega =

   0.000000000   0.000000000   0.000072722

deltaT =  150
res =

Diagonal Matrix

   1   0   0
   0   1   0
   0   0   1

res =

Diagonal Matrix

   0   0   0
   0   1   0
   0   0   1

res =

   0.00000   0.00000   0.00000
   0.00007   1.00000   0.00000
   0.00000   0.00000   1.00000

res =

   0.00000   0.00000   0.00000
   0.00007   1.00000   0.00000
  -0.00000   0.00000   1.00000

res =

   0.00000  -0.00007   0.00000
   0.00007   1.00000   0.00000
  -0.00000   0.00000   1.00000

res =

   0.00000  -0.00007   0.00000
   0.00007   0.00000   0.00000
  -0.00000   0.00000   1.00000

res =

   0.00000  -0.00007   0.00000
   0.00007   0.00000   0.00000
  -0.00000   0.00000   1.00000

res =

   0.00000  -0.00007   0.00000
   0.00007   0.00000   0.00000
  -0.00000   0.00000   1.00000

res =

   0.00000  -0.00007   0.00000
   0.00007   0.00000  -0.00000
  -0.00000   0.00000   1.00000

res =

   0.000000000  -0.000072722   0.000000000
   0.000072722   0.000000000  -0.000000000
  -0.000000000   0.000000000   0.000000000

retval =

   0.000000000  -0.000072722   0.000000000
   0.000072722   0.000000000  -0.000000000
  -0.000000000   0.000000000   0.000000000

retval =

   0.000000000  -0.000072722   0.000000000
   0.000072722   0.000000000  -0.000000000
  -0.000000000   0.000000000   0.000000000

omega_c =

   0.000000000  -0.000072722   0.000000000
   0.000072722   0.000000000  -0.000000000
  -0.000000000   0.000000000   0.000000000

res =

   0   0   0   0
   0   0   0   0
   0   0   0   0
   0   0   0   0

res =

  -0   0   0   0
   0   0   0   0
   0   0   0   0
   0   0   0   0

res =

  -0.000000000   0.000000000   0.000000000   0.000000000
  -0.000072722   0.000000000   0.000000000   0.000000000
   0.000000000   0.000000000   0.000000000   0.000000000
   0.000000000   0.000000000   0.000000000   0.000000000

res =

  -0.000000000   0.000000000   0.000000000   0.000000000
  -0.000072722   0.000000000   0.000000000   0.000000000
   0.000000000   0.000000000   0.000000000   0.000000000
   0.000000000   0.000000000   0.000000000   0.000000000

res =

  -0.000000000   0.000072722   0.000000000   0.000000000
  -0.000072722   0.000000000   0.000000000   0.000000000
   0.000000000   0.000000000   0.000000000   0.000000000
   0.000000000   0.000000000   0.000000000   0.000000000

res =

  -0.000000000   0.000072722   0.000000000   0.000000000
  -0.000072722  -0.000000000   0.000000000   0.000000000
   0.000000000   0.000000000   0.000000000   0.000000000
   0.000000000   0.000000000   0.000000000   0.000000000

res =

  -0.000000000   0.000072722   0.000000000   0.000000000
  -0.000072722  -0.000000000   0.000000000   0.000000000
   0.000000000  -0.000000000   0.000000000   0.000000000
   0.000000000   0.000000000   0.000000000   0.000000000

res =

  -0.000000000   0.000072722  -0.000000000   0.000000000
  -0.000072722  -0.000000000   0.000000000   0.000000000
   0.000000000  -0.000000000   0.000000000   0.000000000
   0.000000000   0.000000000   0.000000000   0.000000000

res =

  -0.000000000   0.000072722  -0.000000000   0.000000000
  -0.000072722  -0.000000000   0.000000000   0.000000000
   0.000000000  -0.000000000   0.000000000   0.000000000
   0.000000000   0.000000000   0.000000000   0.000000000

res =

  -0.000000000   0.000072722  -0.000000000   0.000000000
  -0.000072722  -0.000000000   0.000000000   0.000000000
   0.000000000  -0.000000000  -0.000000000   0.000000000
   0.000000000   0.000000000   0.000000000   0.000000000

res =

  -0.000000000   0.000072722  -0.000000000   0.000000000
  -0.000072722  -0.000000000   0.000000000   0.000000000
   0.000000000  -0.000000000  -0.000000000   0.000000000
   0.000000000   0.000000000   0.000000000   0.000000000

res =

  -0.000000000   0.000072722  -0.000000000   0.000000000
  -0.000072722  -0.000000000   0.000000000   0.000000000
   0.000000000  -0.000000000  -0.000000000   0.000000000
   0.000000000   0.000000000   0.000000000   0.000000000

res =

  -0.000000000   0.000072722  -0.000000000   0.000000000
  -0.000072722  -0.000000000   0.000000000   0.000000000
   0.000000000  -0.000000000  -0.000000000   0.000072722
   0.000000000   0.000000000   0.000000000   0.000000000

res =

  -0.000000000   0.000072722  -0.000000000   0.000000000
  -0.000072722  -0.000000000   0.000000000   0.000000000
   0.000000000  -0.000000000  -0.000000000   0.000072722
  -0.000000000   0.000000000   0.000000000   0.000000000

res =

  -0.000000000   0.000072722  -0.000000000   0.000000000
  -0.000072722  -0.000000000   0.000000000   0.000000000
   0.000000000  -0.000000000  -0.000000000   0.000072722
  -0.000000000  -0.000000000   0.000000000   0.000000000

res =

  -0.000000000   0.000072722  -0.000000000   0.000000000
  -0.000072722  -0.000000000   0.000000000   0.000000000
   0.000000000  -0.000000000  -0.000000000   0.000072722
  -0.000000000  -0.000000000  -0.000072722   0.000000000

res =

  -0.000000000   0.000072722  -0.000000000   0.000000000
  -0.000072722  -0.000000000   0.000000000   0.000000000
   0.000000000  -0.000000000  -0.000000000   0.000072722
  -0.000000000  -0.000000000  -0.000072722   0.000000000

retval =

  -0.000000000   0.000072722  -0.000000000   0.000000000
  -0.000072722  -0.000000000   0.000000000   0.000000000
   0.000000000  -0.000000000  -0.000000000   0.000072722
  -0.000000000  -0.000000000  -0.000072722   0.000000000

retval =

  -0.000000000   0.000036361  -0.000000000   0.000000000
  -0.000036361  -0.000000000   0.000000000   0.000000000
   0.000000000  -0.000000000  -0.000000000   0.000036361
  -0.000000000  -0.000000000  -0.000036361   0.000000000

omega =

  -0.000000000   0.000036361  -0.000000000   0.000000000
  -0.000036361  -0.000000000   0.000000000   0.000000000
   0.000000000  -0.000000000  -0.000000000   0.000036361
  -0.000000000  -0.000000000  -0.000036361   0.000000000

retval =

   0.99999   0.00545   0.00000   0.00000
  -0.00545   0.99999   0.00000   0.00000
   0.00000   0.00000   0.99999   0.00545
   0.00000   0.00000  -0.00545   0.99999

FI_k =

   0.99999   0.00545   0.00000   0.00000
  -0.00545   0.99999   0.00000   0.00000
   0.00000   0.00000   0.99999   0.00545
   0.00000   0.00000  -0.00545   0.99999

res =

Diagonal Matrix

   1   0   0
   0   1   0
   0   0   1

res =

Diagonal Matrix

   0   0   0
   0   1   0
   0   0   1

res =

   0.00000   0.00000   0.00000
   0.00007   1.00000   0.00000
   0.00000   0.00000   1.00000

res =

   0.00000   0.00000   0.00000
   0.00007   1.00000   0.00000
  -0.00000   0.00000   1.00000

res =

   0.00000  -0.00007   0.00000
   0.00007   1.00000   0.00000
  -0.00000   0.00000   1.00000

res =

   0.00000  -0.00007   0.00000
   0.00007   0.00000   0.00000
  -0.00000   0.00000   1.00000

res =

   0.00000  -0.00007   0.00000
   0.00007   0.00000   0.00000
  -0.00000   0.00000   1.00000

res =

   0.00000  -0.00007   0.00000
   0.00007   0.00000   0.00000
  -0.00000   0.00000   1.00000

res =

   0.00000  -0.00007   0.00000
   0.00007   0.00000  -0.00000
  -0.00000   0.00000   1.00000

res =

   0.000000000  -0.000072722   0.000000000
   0.000072722   0.000000000  -0.000000000
  -0.000000000   0.000000000   0.000000000

retval =

   0.000000000  -0.000072722   0.000000000
   0.000072722   0.000000000  -0.000000000
  -0.000000000   0.000000000   0.000000000

retval =

   0.000000000  -0.000072722   0.000000000
   0.000072722   0.000000000  -0.000000000
  -0.000000000   0.000000000   0.000000000

omega_c =

   0.000000000  -0.000072722   0.000000000
   0.000072722   0.000000000  -0.000000000
  -0.000000000   0.000000000   0.000000000

res =

   0   0   0   0
   0   0   0   0
   0   0   0   0
   0   0   0   0

res =

  -0   0   0   0
   0   0   0   0
   0   0   0   0
   0   0   0   0

res =

  -0.000000000   0.000000000   0.000000000   0.000000000
  -0.000072722   0.000000000   0.000000000   0.000000000
   0.000000000   0.000000000   0.000000000   0.000000000
   0.000000000   0.000000000   0.000000000   0.000000000

res =

  -0.000000000   0.000000000   0.000000000   0.000000000
  -0.000072722   0.000000000   0.000000000   0.000000000
   0.000000000   0.000000000   0.000000000   0.000000000
   0.000000000   0.000000000   0.000000000   0.000000000

res =

  -0.000000000   0.000072722   0.000000000   0.000000000
  -0.000072722   0.000000000   0.000000000   0.000000000
   0.000000000   0.000000000   0.000000000   0.000000000
   0.000000000   0.000000000   0.000000000   0.000000000

res =

  -0.000000000   0.000072722   0.000000000   0.000000000
  -0.000072722  -0.000000000   0.000000000   0.000000000
   0.000000000   0.000000000   0.000000000   0.000000000
   0.000000000   0.000000000   0.000000000   0.000000000

res =

  -0.000000000   0.000072722   0.000000000   0.000000000
  -0.000072722  -0.000000000   0.000000000   0.000000000
   0.000000000  -0.000000000   0.000000000   0.000000000
   0.000000000   0.000000000   0.000000000   0.000000000

res =

  -0.000000000   0.000072722  -0.000000000   0.000000000
  -0.000072722  -0.000000000   0.000000000   0.000000000
   0.000000000  -0.000000000   0.000000000   0.000000000
   0.000000000   0.000000000   0.000000000   0.000000000

res =

  -0.000000000   0.000072722  -0.000000000   0.000000000
  -0.000072722  -0.000000000   0.000000000   0.000000000
   0.000000000  -0.000000000   0.000000000   0.000000000
   0.000000000   0.000000000   0.000000000   0.000000000

res =

  -0.000000000   0.000072722  -0.000000000   0.000000000
  -0.000072722  -0.000000000   0.000000000   0.000000000
   0.000000000  -0.000000000  -0.000000000   0.000000000
   0.000000000   0.000000000   0.000000000   0.000000000

res =

  -0.000000000   0.000072722  -0.000000000   0.000000000
  -0.000072722  -0.000000000   0.000000000   0.000000000
   0.000000000  -0.000000000  -0.000000000   0.000000000
   0.000000000   0.000000000   0.000000000   0.000000000

res =

  -0.000000000   0.000072722  -0.000000000   0.000000000
  -0.000072722  -0.000000000   0.000000000   0.000000000
   0.000000000  -0.000000000  -0.000000000   0.000000000
   0.000000000   0.000000000   0.000000000   0.000000000

res =

  -0.000000000   0.000072722  -0.000000000   0.000000000
  -0.000072722  -0.000000000   0.000000000   0.000000000
   0.000000000  -0.000000000  -0.000000000   0.000072722
   0.000000000   0.000000000   0.000000000   0.000000000

res =

  -0.000000000   0.000072722  -0.000000000   0.000000000
  -0.000072722  -0.000000000   0.000000000   0.000000000
   0.000000000  -0.000000000  -0.000000000   0.000072722
  -0.000000000   0.000000000   0.000000000   0.000000000

res =

  -0.000000000   0.000072722  -0.000000000   0.000000000
  -0.000072722  -0.000000000   0.000000000   0.000000000
   0.000000000  -0.000000000  -0.000000000   0.000072722
  -0.000000000  -0.000000000   0.000000000   0.000000000

res =

  -0.000000000   0.000072722  -0.000000000   0.000000000
  -0.000072722  -0.000000000   0.000000000   0.000000000
   0.000000000  -0.000000000  -0.000000000   0.000072722
  -0.000000000  -0.000000000  -0.000072722   0.000000000

res =

  -0.000000000   0.000072722  -0.000000000   0.000000000
  -0.000072722  -0.000000000   0.000000000   0.000000000
   0.000000000  -0.000000000  -0.000000000   0.000072722
  -0.000000000  -0.000000000  -0.000072722   0.000000000

retval =

  -0.000000000   0.000072722  -0.000000000   0.000000000
  -0.000072722  -0.000000000   0.000000000   0.000000000
   0.000000000  -0.000000000  -0.000000000   0.000072722
  -0.000000000  -0.000000000  -0.000072722   0.000000000

retval =

  -0.000000000   0.000036361  -0.000000000   0.000000000
  -0.000036361  -0.000000000   0.000000000   0.000000000
   0.000000000  -0.000000000  -0.000000000   0.000036361
  -0.000000000  -0.000000000  -0.000036361   0.000000000

OMEGA_k =

  -0.000000000   0.000036361  -0.000000000   0.000000000
  -0.000036361  -0.000000000   0.000000000   0.000000000
   0.000000000  -0.000000000  -0.000000000   0.000036361
  -0.000000000  -0.000000000  -0.000036361   0.000000000

ref_k1 =

  -0.53500
   0.14249
   0.83275

obs_k1 =

   0.088373
  -0.287279
   0.953761

retval =

  -0.00295495   0.00078701   0.00459954
   0.00960584  -0.00255837  -0.01495202
  -0.03189120   0.00849374   0.04964042

B_k1 =

  -0.00295495   0.00078701   0.00459954
   0.00960584  -0.00255837  -0.01495202
  -0.03189120   0.00849374   0.04964042

retval =

  -0.0059099   0.0103928  -0.0272917
   0.0103928  -0.0051167  -0.0064583
  -0.0272917  -0.0064583   0.0992808

S_k1 =

  -0.0059099   0.0103928  -0.0272917
   0.0103928  -0.0051167  -0.0064583
  -0.0272917  -0.0064583   0.0992808

retval =

  -0.0234458
  -0.0364907
  -0.0088188

Z_k1 =

  -0.0234458
  -0.0364907
  -0.0088188

retval =  0.044127
sigma_k1 =  0.044127
K =

Diagonal Matrix

   1   0   0   0
   0   1   0   0
   0   0   1   0
   0   0   0   1

q1 =

  -0.0500370   0.0103928  -0.0272917
   0.0103928  -0.0492438  -0.0064583
  -0.0272917  -0.0064583   0.0551537

K =

Diagonal Matrix

  -0.050037          0          0          0
          0   1.000000          0          0
          0          0   1.000000          0
          0          0          0   1.000000

K =

  -0.05004   0.00000   0.00000   0.00000
   0.01039   1.00000   0.00000   0.00000
   0.00000   0.00000   1.00000   0.00000
   0.00000   0.00000   0.00000   1.00000

K =

  -0.05004   0.00000   0.00000   0.00000
   0.01039   1.00000   0.00000   0.00000
  -0.02729   0.00000   1.00000   0.00000
   0.00000   0.00000   0.00000   1.00000

K =

  -0.05004   0.01039   0.00000   0.00000
   0.01039   1.00000   0.00000   0.00000
  -0.02729   0.00000   1.00000   0.00000
   0.00000   0.00000   0.00000   1.00000

K =

  -0.05004   0.01039   0.00000   0.00000
   0.01039  -0.04924   0.00000   0.00000
  -0.02729   0.00000   1.00000   0.00000
   0.00000   0.00000   0.00000   1.00000

K =

  -0.05004   0.01039   0.00000   0.00000
   0.01039  -0.04924   0.00000   0.00000
  -0.02729  -0.00646   1.00000   0.00000
   0.00000   0.00000   0.00000   1.00000

K =

  -0.05004   0.01039  -0.02729   0.00000
   0.01039  -0.04924   0.00000   0.00000
  -0.02729  -0.00646   1.00000   0.00000
   0.00000   0.00000   0.00000   1.00000

K =

  -0.05004   0.01039  -0.02729   0.00000
   0.01039  -0.04924  -0.00646   0.00000
  -0.02729  -0.00646   1.00000   0.00000
   0.00000   0.00000   0.00000   1.00000

K =

  -0.05004   0.01039  -0.02729   0.00000
   0.01039  -0.04924  -0.00646   0.00000
  -0.02729  -0.00646   0.05515   0.00000
   0.00000   0.00000   0.00000   1.00000

K =

  -0.05004   0.01039  -0.02729   0.00000
   0.01039  -0.04924  -0.00646   0.00000
  -0.02729  -0.00646   0.05515   0.00000
  -0.02345   0.00000   0.00000   1.00000

K =

  -0.05004   0.01039  -0.02729   0.00000
   0.01039  -0.04924  -0.00646   0.00000
  -0.02729  -0.00646   0.05515   0.00000
  -0.02345  -0.03649   0.00000   1.00000

K =

  -0.05004   0.01039  -0.02729   0.00000
   0.01039  -0.04924  -0.00646   0.00000
  -0.02729  -0.00646   0.05515   0.00000
  -0.02345  -0.03649  -0.00882   1.00000

K =

  -0.050037   0.010393  -0.027292   0.000000
   0.010393  -0.049244  -0.006458   0.000000
  -0.027292  -0.006458   0.055154   0.000000
  -0.023446  -0.036491  -0.008819   0.044127

K =

  -0.050037   0.010393  -0.027292  -0.023446
   0.010393  -0.049244  -0.006458   0.000000
  -0.027292  -0.006458   0.055154   0.000000
  -0.023446  -0.036491  -0.008819   0.044127

K =

  -0.050037   0.010393  -0.027292  -0.023446
   0.010393  -0.049244  -0.006458  -0.036491
  -0.027292  -0.006458   0.055154   0.000000
  -0.023446  -0.036491  -0.008819   0.044127

K =

  -0.0500370   0.0103928  -0.0272917  -0.0234458
   0.0103928  -0.0492438  -0.0064583  -0.0364907
  -0.0272917  -0.0064583   0.0551537  -0.0088188
  -0.0234458  -0.0364907  -0.0088188   0.0441271

retval =

  -0.80059   0.16629  -0.43667  -0.37513
   0.16629  -0.78790  -0.10333  -0.58385
  -0.43667  -0.10333   0.88246  -0.14110
  -0.37513  -0.58385  -0.14110   0.70603

delta_K_k1 =

  -0.80059   0.16629  -0.43667  -0.37513
   0.16629  -0.78790  -0.10333  -0.58385
  -0.43667  -0.10333   0.88246  -0.14110
  -0.37513  -0.58385  -0.14110   0.70603

n =  1
mi_k1 =  0.0019472
a1 =

Diagonal Matrix

   2.5015        0        0
        0   2.5015        0
        0        0   2.5015

a2 =

  -0.066761   0.117403  -0.308301
   0.117403  -0.057801  -0.072956
  -0.308301  -0.072956   1.121530

res =

Diagonal Matrix

   1   0   0
   0   1   0
   0   0   1

res =

Diagonal Matrix

   0   0   0
   0   1   0
   0   0   1

res =

   0.00000   0.00000   0.00000
   0.83275   1.00000   0.00000
   0.00000   0.00000   1.00000

res =

   0.00000   0.00000   0.00000
   0.83275   1.00000   0.00000
  -0.14249   0.00000   1.00000

res =

   0.00000  -0.83275   0.00000
   0.83275   1.00000   0.00000
  -0.14249   0.00000   1.00000

res =

   0.00000  -0.83275   0.00000
   0.83275   0.00000   0.00000
  -0.14249   0.00000   1.00000

res =

   0.00000  -0.83275   0.00000
   0.83275   0.00000   0.00000
  -0.14249  -0.53500   1.00000

res =

   0.00000  -0.83275   0.14249
   0.83275   0.00000   0.00000
  -0.14249  -0.53500   1.00000

res =

   0.00000  -0.83275   0.14249
   0.83275   0.00000   0.53500
  -0.14249  -0.53500   1.00000

res =

   0.00000  -0.83275   0.14249
   0.83275   0.00000   0.53500
  -0.14249  -0.53500   0.00000

retval =

   0.00000  -0.83275   0.14249
   0.83275   0.00000   0.53500
  -0.14249  -0.53500   0.00000

res =

Diagonal Matrix

   1   0   0
   0   1   0
   0   0   1

res =

Diagonal Matrix

   0   0   0
   0   1   0
   0   0   1

res =

   0.00000   0.00000   0.00000
   0.83275   1.00000   0.00000
   0.00000   0.00000   1.00000

res =

   0.00000   0.00000   0.00000
   0.83275   1.00000   0.00000
  -0.14249   0.00000   1.00000

res =

   0.00000  -0.83275   0.00000
   0.83275   1.00000   0.00000
  -0.14249   0.00000   1.00000

res =

   0.00000  -0.83275   0.00000
   0.83275   0.00000   0.00000
  -0.14249   0.00000   1.00000

res =

   0.00000  -0.83275   0.00000
   0.83275   0.00000   0.00000
  -0.14249  -0.53500   1.00000

res =

   0.00000  -0.83275   0.14249
   0.83275   0.00000   0.00000
  -0.14249  -0.53500   1.00000

res =

   0.00000  -0.83275   0.14249
   0.83275   0.00000   0.53500
  -0.14249  -0.53500   1.00000

res =

   0.00000  -0.83275   0.14249
   0.83275   0.00000   0.53500
  -0.14249  -0.53500   0.00000

retval =

   0.00000  -0.83275   0.14249
   0.83275   0.00000   0.53500
  -0.14249  -0.53500   0.00000

a3 =

   0.140724   0.219022   0.052932
   0.219022   0.340883   0.082382
   0.052932   0.082382   0.019910

retval =

   0.005014975   0.000655086  -0.000497256
   0.000655086   0.005422172   0.000018354
  -0.000497256   0.000018354   0.007093566

R11 =

   0.005014975   0.000655086  -0.000497256
   0.000655086   0.005422172   0.000018354
  -0.000497256   0.000018354   0.007093566

retval =

   0   0   0

R12 =

   0   0   0

retval =

   0
   0
   0

R21 =

   0
   0
   0

retval =  0.0038944
R22 =  0.0038944
res =

Diagonal Matrix

   1   0   0   0
   0   1   0   0
   0   0   1   0
   0   0   0   1

res =

Diagonal Matrix

   0.0050150           0           0           0
           0   1.0000000           0           0
           0           0   1.0000000           0
           0           0           0   1.0000000

res =

   0.00501   0.00000   0.00000   0.00000
   0.00066   1.00000   0.00000   0.00000
   0.00000   0.00000   1.00000   0.00000
   0.00000   0.00000   0.00000   1.00000

res =

   0.00501   0.00000   0.00000   0.00000
   0.00066   1.00000   0.00000   0.00000
  -0.00050   0.00000   1.00000   0.00000
   0.00000   0.00000   0.00000   1.00000

res =

   0.00501   0.00066   0.00000   0.00000
   0.00066   1.00000   0.00000   0.00000
  -0.00050   0.00000   1.00000   0.00000
   0.00000   0.00000   0.00000   1.00000

res =

   0.00501   0.00066   0.00000   0.00000
   0.00066   0.00542   0.00000   0.00000
  -0.00050   0.00000   1.00000   0.00000
   0.00000   0.00000   0.00000   1.00000

res =

   0.00501   0.00066   0.00000   0.00000
   0.00066   0.00542   0.00000   0.00000
  -0.00050   0.00002   1.00000   0.00000
   0.00000   0.00000   0.00000   1.00000

res =

   0.00501   0.00066  -0.00050   0.00000
   0.00066   0.00542   0.00000   0.00000
  -0.00050   0.00002   1.00000   0.00000
   0.00000   0.00000   0.00000   1.00000

res =

   0.00501   0.00066  -0.00050   0.00000
   0.00066   0.00542   0.00002   0.00000
  -0.00050   0.00002   1.00000   0.00000
   0.00000   0.00000   0.00000   1.00000

res =

   0.00501   0.00066  -0.00050   0.00000
   0.00066   0.00542   0.00002   0.00000
  -0.00050   0.00002   0.00709   0.00000
   0.00000   0.00000   0.00000   1.00000

res =

   0.00501   0.00066  -0.00050   0.00000
   0.00066   0.00542   0.00002   0.00000
  -0.00050   0.00002   0.00709   0.00000
   0.00000   0.00000   0.00000   1.00000

res =

   0.00501   0.00066  -0.00050   0.00000
   0.00066   0.00542   0.00002   0.00000
  -0.00050   0.00002   0.00709   0.00000
   0.00000   0.00000   0.00000   1.00000

res =

   0.00501   0.00066  -0.00050   0.00000
   0.00066   0.00542   0.00002   0.00000
  -0.00050   0.00002   0.00709   0.00000
   0.00000   0.00000   0.00000   1.00000

res =

   0.00501   0.00066  -0.00050   0.00000
   0.00066   0.00542   0.00002   0.00000
  -0.00050   0.00002   0.00709   0.00000
   0.00000   0.00000   0.00000   1.00000

res =

   0.00501   0.00066  -0.00050   0.00000
   0.00066   0.00542   0.00002   0.00000
  -0.00050   0.00002   0.00709   0.00000
   0.00000   0.00000   0.00000   1.00000

res =

   0.00501   0.00066  -0.00050   0.00000
   0.00066   0.00542   0.00002   0.00000
  -0.00050   0.00002   0.00709   0.00000
   0.00000   0.00000   0.00000   1.00000

res =

   0.0050150   0.0006551  -0.0004973   0.0000000
   0.0006551   0.0054222   0.0000184   0.0000000
  -0.0004973   0.0000184   0.0070936   0.0000000
   0.0000000   0.0000000   0.0000000   0.0038944

retval =

   0.0050150   0.0006551  -0.0004973   0.0000000
   0.0006551   0.0054222   0.0000184   0.0000000
  -0.0004973   0.0000184   0.0070936   0.0000000
   0.0000000   0.0000000   0.0000000   0.0038944

retval =

   0.0050150   0.0006551  -0.0004973   0.0000000
   0.0006551   0.0054222   0.0000184   0.0000000
  -0.0004973   0.0000184   0.0070936   0.0000000
   0.0000000   0.0000000   0.0000000   0.0038944

R_k1 =

   0.0050150   0.0006551  -0.0004973   0.0000000
   0.0006551   0.0054222   0.0000184   0.0000000
  -0.0004973   0.0000184   0.0070936   0.0000000
   0.0000000   0.0000000   0.0000000   0.0038944

ref_k1_eps =

  -0.53500
   0.14249
   0.83275

rad =  0.016667
out = 0
retval =  0.00029089
out =  0.00029089
retval =  0.00029089
obs_k1_eps =  0.00029089
retval =

  -0.000155624   0.000041448   0.000242238

B_k1_eps =

  -0.000155624   0.000041448   0.000242238

retval =

  -0.000311248  -0.000114176   0.000086614
  -0.000114176   0.000082896   0.000283686
   0.000086614   0.000283686   0.000484475

S_k1_eps =

  -0.000311248  -0.000114176   0.000086614
  -0.000114176   0.000082896   0.000283686
   0.000086614   0.000283686   0.000484475

retval = -0.00015562
sigma_k1_eps = -0.00015562
eta_k1 =  0.000000024219
retval =

   3.8266e-20  -2.1055e-21  -1.8538e-20
  -7.7658e-20  -8.5348e-21   5.3049e-20
   2.0922e-19  -2.8452e-20  -1.9180e-19

M_k1 =

   3.8266e-20  -2.1055e-21  -1.8538e-20
  -7.7658e-20  -8.5348e-21   5.3049e-20
   2.0922e-19  -2.8452e-20  -1.9180e-19

v =

   0.0000e+00  -7.5553e-20   2.2776e-19
   7.5553e-20   0.0000e+00  -8.1501e-20
  -2.2776e-19   8.1501e-20   0.0000e+00

retval =

   8.1501e-20
   2.2776e-19
   7.5553e-20

y_k1 =

   8.1501e-20
   2.2776e-19
   7.5553e-20

p1 = 0
p2 =

   0.00137884  -0.00075638  -0.00053601
  -0.00075638   0.00030510   0.00074849
  -0.00053601   0.00074849  -0.00167209

retval =

   0.000000000066788  -0.000000000036637  -0.000000000025963
  -0.000000000036637   0.000000000014778   0.000000000036255
  -0.000000000025963   0.000000000036255  -0.000000000080992

Q11_k1 =

   0.000000000066788  -0.000000000036637  -0.000000000025963
  -0.000000000036637   0.000000000014778   0.000000000036255
  -0.000000000025963   0.000000000036255  -0.000000000080992

y =

   8.1501e-20
   2.2776e-19
   7.5553e-20

retval =

  -1.3406e-27
  -5.3614e-27
  -1.1921e-27

Q12_k1 =

  -1.3406e-27
  -5.3614e-27
  -1.1921e-27

retval =

  -1.3406e-27  -5.3614e-27  -1.1921e-27

Q21_k1 =

  -1.3406e-27  -5.3614e-27  -1.1921e-27

retval =  0.00000000018921
Q22_k1 =  0.00000000018921
res =

Diagonal Matrix

   1   0   0   0
   0   1   0   0
   0   0   1   0
   0   0   0   1

res =

Diagonal Matrix

   0.000000000066788                   0                   0                   0
                   0   1.000000000000000                   0                   0
                   0                   0   1.000000000000000                   0
                   0                   0                   0   1.000000000000000

res =

   0.00000   0.00000   0.00000   0.00000
  -0.00000   1.00000   0.00000   0.00000
   0.00000   0.00000   1.00000   0.00000
   0.00000   0.00000   0.00000   1.00000

res =

   0.00000   0.00000   0.00000   0.00000
  -0.00000   1.00000   0.00000   0.00000
  -0.00000   0.00000   1.00000   0.00000
   0.00000   0.00000   0.00000   1.00000

res =

   0.00000  -0.00000   0.00000   0.00000
  -0.00000   1.00000   0.00000   0.00000
  -0.00000   0.00000   1.00000   0.00000
   0.00000   0.00000   0.00000   1.00000

res =

   0.00000  -0.00000   0.00000   0.00000
  -0.00000   0.00000   0.00000   0.00000
  -0.00000   0.00000   1.00000   0.00000
   0.00000   0.00000   0.00000   1.00000

res =

   0.00000  -0.00000   0.00000   0.00000
  -0.00000   0.00000   0.00000   0.00000
  -0.00000   0.00000   1.00000   0.00000
   0.00000   0.00000   0.00000   1.00000

res =

   0.00000  -0.00000  -0.00000   0.00000
  -0.00000   0.00000   0.00000   0.00000
  -0.00000   0.00000   1.00000   0.00000
   0.00000   0.00000   0.00000   1.00000

res =

   0.00000  -0.00000  -0.00000   0.00000
  -0.00000   0.00000   0.00000   0.00000
  -0.00000   0.00000   1.00000   0.00000
   0.00000   0.00000   0.00000   1.00000

res =

   0.00000  -0.00000  -0.00000   0.00000
  -0.00000   0.00000   0.00000   0.00000
  -0.00000   0.00000  -0.00000   0.00000
   0.00000   0.00000   0.00000   1.00000

res =

   0.00000  -0.00000  -0.00000  -0.00000
  -0.00000   0.00000   0.00000   0.00000
  -0.00000   0.00000  -0.00000   0.00000
   0.00000   0.00000   0.00000   1.00000

res =

   0.00000  -0.00000  -0.00000  -0.00000
  -0.00000   0.00000   0.00000  -0.00000
  -0.00000   0.00000  -0.00000   0.00000
   0.00000   0.00000   0.00000   1.00000

res =

   0.00000  -0.00000  -0.00000  -0.00000
  -0.00000   0.00000   0.00000  -0.00000
  -0.00000   0.00000  -0.00000  -0.00000
   0.00000   0.00000   0.00000   1.00000

res =

   0.00000  -0.00000  -0.00000  -0.00000
  -0.00000   0.00000   0.00000  -0.00000
  -0.00000   0.00000  -0.00000  -0.00000
  -0.00000   0.00000   0.00000   1.00000

res =

   0.00000  -0.00000  -0.00000  -0.00000
  -0.00000   0.00000   0.00000  -0.00000
  -0.00000   0.00000  -0.00000  -0.00000
  -0.00000  -0.00000   0.00000   1.00000

res =

   6.6788e-11  -3.6637e-11  -2.5963e-11  -1.3406e-27
  -3.6637e-11   1.4778e-11   3.6255e-11  -5.3614e-27
  -2.5963e-11   3.6255e-11  -8.0992e-11  -1.1921e-27
  -1.3406e-27  -5.3614e-27  -1.1921e-27   1.0000e+00

res =

   6.6788e-11  -3.6637e-11  -2.5963e-11  -1.3406e-27
  -3.6637e-11   1.4778e-11   3.6255e-11  -5.3614e-27
  -2.5963e-11   3.6255e-11  -8.0992e-11  -1.1921e-27
  -1.3406e-27  -5.3614e-27  -1.1921e-27   1.8921e-10

retval =

   6.6788e-11  -3.6637e-11  -2.5963e-11  -1.3406e-27
  -3.6637e-11   1.4778e-11   3.6255e-11  -5.3614e-27
  -2.5963e-11   3.6255e-11  -8.0992e-11  -1.1921e-27
  -1.3406e-27  -5.3614e-27  -1.1921e-27   1.8921e-10

Q_k1 =

   6.6788e-11  -3.6637e-11  -2.5963e-11  -1.3406e-27
  -3.6637e-11   1.4778e-11   3.6255e-11  -5.3614e-27
  -2.5963e-11   3.6255e-11  -8.0992e-11  -1.1921e-27
  -1.3406e-27  -5.3614e-27  -1.1921e-27   1.8921e-10

retval =

  -0.87643   0.15401  -0.27462  -0.36433
   0.15401  -0.77975  -0.14802  -0.58852
  -0.27462  -0.14802   0.94335  -0.11301
  -0.36433  -0.58852  -0.11301   0.71284

K_k1_k =

  -0.87643   0.15401  -0.27462  -0.36433
   0.15401  -0.77975  -0.14802  -0.58852
  -0.27462  -0.14802   0.94335  -0.11301
  -0.36433  -0.58852  -0.11301   0.71284

retval =

   0.00496526638   0.00064322784  -0.00030288902   0.00000165202
   0.00064322784   0.00552363136  -0.00007356442   0.00000040124
  -0.00030288902  -0.00007356442   0.00728843659  -0.00001817495
   0.00000165202   0.00000040124  -0.00001817495   0.00395625614

P_k1_k =

   0.00496526638   0.00064322784  -0.00030288902   0.00000165202
   0.00064322784   0.00552363136  -0.00007356442   0.00000040124
  -0.00030288902  -0.00007356442   0.00728843659  -0.00001817495
   0.00000165202   0.00000040124  -0.00001817495   0.00395625614

p_tr =  0.021734
a =  0.000084897
b =  0.00016859
retval =  0.50357
rho_k1 =  0.50357
retval =  0.062500
m_k1 =  0.062500
a =

  -0.435084   0.076453  -0.136327  -0.180862
   0.076453  -0.387089  -0.073479  -0.292159
  -0.136327  -0.073479   0.468303  -0.056100
  -0.180862  -0.292159  -0.056100   0.353870

b =

  -0.403157   0.083737  -0.219894  -0.188907
   0.083737  -0.396766  -0.052036  -0.294012
  -0.219894  -0.052036   0.444384  -0.071055
  -0.188907  -0.294012  -0.071055   0.355540

retval =

  -0.83824   0.16019  -0.35622  -0.36977
   0.16019  -0.78386  -0.12551  -0.58617
  -0.35622  -0.12551   0.91269  -0.12715
  -0.36977  -0.58617  -0.12715   0.70941

K_k1_k1 =

  -0.83824   0.16019  -0.35622  -0.36977
   0.16019  -0.78386  -0.12551  -0.58617
  -0.35622  -0.12551   0.91269  -0.12715
  -0.36977  -0.58617  -0.12715   0.70941

a =  0.24644
b =  0.25359
retval =

   0.002495365522   0.000324637523  -0.000200741034   0.000000407122
   0.000324637523   0.002736227952  -0.000013474722   0.000000098880
  -0.000200741034  -0.000013474722   0.003594988003  -0.000004479017
   0.000000407122   0.000000098880  -0.000004479017   0.001962543636

P_k1_k1 =

   0.002495365522   0.000324637523  -0.000200741034   0.000000407122
   0.000324637523   0.002736227952  -0.000013474722   0.000000098880
  -0.000200741034  -0.000013474722   0.003594988003  -0.000004479017
   0.000000407122   0.000000098880  -0.000004479017   0.001962543636

ref_k1 =

  -0.591662
   0.022381
   0.805875

obs_k1 =

   0.055080
  -0.411091
   0.909929

retval =

  -0.002036784   0.000077045   0.002774206
   0.015201700  -0.000575034  -0.020705512
  -0.033648160   0.001272807   0.045830558

B_k1 =

  -0.002036784   0.000077045   0.002774206
   0.015201700  -0.000575034  -0.020705512
  -0.033648160   0.001272807   0.045830558

retval =

  -0.0040736   0.0152787  -0.0308740
   0.0152787  -0.0011501  -0.0194327
  -0.0308740  -0.0194327   0.0916611

S_k1 =

  -0.0040736   0.0152787  -0.0308740
   0.0152787  -0.0011501  -0.0194327
  -0.0308740  -0.0194327   0.0916611

retval =

  -0.021978
  -0.036422
  -0.015125

Z_k1 =

  -0.021978
  -0.036422
  -0.015125

retval =  0.043219
sigma_k1 =  0.043219
K =

Diagonal Matrix

   1   0   0   0
   0   1   0   0
   0   0   1   0
   0   0   0   1

q1 =

  -0.047292   0.015279  -0.030874
   0.015279  -0.044369  -0.019433
  -0.030874  -0.019433   0.048442

K =

Diagonal Matrix

  -0.047292          0          0          0
          0   1.000000          0          0
          0          0   1.000000          0
          0          0          0   1.000000

K =

  -0.04729   0.00000   0.00000   0.00000
   0.01528   1.00000   0.00000   0.00000
   0.00000   0.00000   1.00000   0.00000
   0.00000   0.00000   0.00000   1.00000

K =

  -0.04729   0.00000   0.00000   0.00000
   0.01528   1.00000   0.00000   0.00000
  -0.03087   0.00000   1.00000   0.00000
   0.00000   0.00000   0.00000   1.00000

K =

  -0.04729   0.01528   0.00000   0.00000
   0.01528   1.00000   0.00000   0.00000
  -0.03087   0.00000   1.00000   0.00000
   0.00000   0.00000   0.00000   1.00000

K =

  -0.04729   0.01528   0.00000   0.00000
   0.01528  -0.04437   0.00000   0.00000
  -0.03087   0.00000   1.00000   0.00000
   0.00000   0.00000   0.00000   1.00000

K =

  -0.04729   0.01528   0.00000   0.00000
   0.01528  -0.04437   0.00000   0.00000
  -0.03087  -0.01943   1.00000   0.00000
   0.00000   0.00000   0.00000   1.00000

K =

  -0.04729   0.01528  -0.03087   0.00000
   0.01528  -0.04437   0.00000   0.00000
  -0.03087  -0.01943   1.00000   0.00000
   0.00000   0.00000   0.00000   1.00000

K =

  -0.04729   0.01528  -0.03087   0.00000
   0.01528  -0.04437  -0.01943   0.00000
  -0.03087  -0.01943   1.00000   0.00000
   0.00000   0.00000   0.00000   1.00000

K =

  -0.04729   0.01528  -0.03087   0.00000
   0.01528  -0.04437  -0.01943   0.00000
  -0.03087  -0.01943   0.04844   0.00000
   0.00000   0.00000   0.00000   1.00000

K =

  -0.04729   0.01528  -0.03087   0.00000
   0.01528  -0.04437  -0.01943   0.00000
  -0.03087  -0.01943   0.04844   0.00000
  -0.02198   0.00000   0.00000   1.00000

K =

  -0.04729   0.01528  -0.03087   0.00000
   0.01528  -0.04437  -0.01943   0.00000
  -0.03087  -0.01943   0.04844   0.00000
  -0.02198  -0.03642   0.00000   1.00000

K =

  -0.04729   0.01528  -0.03087   0.00000
   0.01528  -0.04437  -0.01943   0.00000
  -0.03087  -0.01943   0.04844   0.00000
  -0.02198  -0.03642  -0.01512   1.00000

K =

  -0.047292   0.015279  -0.030874   0.000000
   0.015279  -0.044369  -0.019433   0.000000
  -0.030874  -0.019433   0.048442   0.000000
  -0.021978  -0.036422  -0.015125   0.043219

K =

  -0.047292   0.015279  -0.030874  -0.021978
   0.015279  -0.044369  -0.019433   0.000000
  -0.030874  -0.019433   0.048442   0.000000
  -0.021978  -0.036422  -0.015125   0.043219

K =

  -0.047292   0.015279  -0.030874  -0.021978
   0.015279  -0.044369  -0.019433  -0.036422
  -0.030874  -0.019433   0.048442   0.000000
  -0.021978  -0.036422  -0.015125   0.043219

K =

  -0.047292   0.015279  -0.030874  -0.021978
   0.015279  -0.044369  -0.019433  -0.036422
  -0.030874  -0.019433   0.048442  -0.015125
  -0.021978  -0.036422  -0.015125   0.043219

retval =

  -0.75668   0.24446  -0.49398  -0.35165
   0.24446  -0.70990  -0.31092  -0.58276
  -0.49398  -0.31092   0.77508  -0.24199
  -0.35165  -0.58276  -0.24199   0.69150

delta_K_k1 =

  -0.75668   0.24446  -0.49398  -0.35165
   0.24446  -0.70990  -0.31092  -0.58276
  -0.49398  -0.31092   0.77508  -0.24199
  -0.35165  -0.58276  -0.24199   0.69150

n =  1
mi_k1 =  0.0018679
a1 =

Diagonal Matrix

   2.5218        0        0
        0   2.5218        0
        0        0   2.5218

a2 =

  -0.045070   0.169044  -0.341589
   0.169044  -0.012724  -0.215003
  -0.341589  -0.215003   1.014138

res =

Diagonal Matrix

   1   0   0
   0   1   0
   0   0   1

res =

Diagonal Matrix

   0   0   0
   0   1   0
   0   0   1

res =

   0.00000   0.00000   0.00000
   0.80588   1.00000   0.00000
   0.00000   0.00000   1.00000

res =

   0.00000   0.00000   0.00000
   0.80588   1.00000   0.00000
  -0.02238   0.00000   1.00000

res =

   0.00000  -0.80588   0.00000
   0.80588   1.00000   0.00000
  -0.02238   0.00000   1.00000

res =

   0.00000  -0.80588   0.00000
   0.80588   0.00000   0.00000
  -0.02238   0.00000   1.00000

res =

   0.00000  -0.80588   0.00000
   0.80588   0.00000   0.00000
  -0.02238  -0.59166   1.00000

res =

   0.00000  -0.80588   0.02238
   0.80588   0.00000   0.00000
  -0.02238  -0.59166   1.00000

res =

   0.00000  -0.80588   0.02238
   0.80588   0.00000   0.59166
  -0.02238  -0.59166   1.00000

res =

   0.00000  -0.80588   0.02238
   0.80588   0.00000   0.59166
  -0.02238  -0.59166   0.00000

retval =

   0.00000  -0.80588   0.02238
   0.80588   0.00000   0.59166
  -0.02238  -0.59166   0.00000

res =

Diagonal Matrix

   1   0   0
   0   1   0
   0   0   1

res =

Diagonal Matrix

   0   0   0
   0   1   0
   0   0   1

res =

   0.00000   0.00000   0.00000
   0.80588   1.00000   0.00000
   0.00000   0.00000   1.00000

res =

   0.00000   0.00000   0.00000
   0.80588   1.00000   0.00000
  -0.02238   0.00000   1.00000

res =

   0.00000  -0.80588   0.00000
   0.80588   1.00000   0.00000
  -0.02238   0.00000   1.00000

res =

   0.00000  -0.80588   0.00000
   0.80588   0.00000   0.00000
  -0.02238   0.00000   1.00000

res =

   0.00000  -0.80588   0.00000
   0.80588   0.00000   0.00000
  -0.02238  -0.59166   1.00000

res =

   0.00000  -0.80588   0.02238
   0.80588   0.00000   0.00000
  -0.02238  -0.59166   1.00000

res =

   0.00000  -0.80588   0.02238
   0.80588   0.00000   0.59166
  -0.02238  -0.59166   1.00000

res =

   0.00000  -0.80588   0.02238
   0.80588   0.00000   0.59166
  -0.02238  -0.59166   0.00000

retval =

   0.00000  -0.80588   0.02238
   0.80588   0.00000   0.59166
  -0.02238  -0.59166   0.00000

a3 =

   0.123660   0.204929   0.085098
   0.204929   0.339607   0.141024
   0.085098   0.141024   0.058561

retval =

   0.00485722   0.00069853  -0.00047909
   0.00069853   0.00532099  -0.00013818
  -0.00047909  -0.00013818   0.00671407

R11 =

   0.00485722   0.00069853  -0.00047909
   0.00069853   0.00532099  -0.00013818
  -0.00047909  -0.00013818   0.00671407

retval =

   0   0   0

R12 =

   0   0   0

retval =

   0
   0
   0

R21 =

   0
   0
   0

retval =  0.0037357
R22 =  0.0037357
res =

Diagonal Matrix

   1   0   0   0
   0   1   0   0
   0   0   1   0
   0   0   0   1

res =

Diagonal Matrix

   0.0048572           0           0           0
           0   1.0000000           0           0
           0           0   1.0000000           0
           0           0           0   1.0000000

res =

   0.00486   0.00000   0.00000   0.00000
   0.00070   1.00000   0.00000   0.00000
   0.00000   0.00000   1.00000   0.00000
   0.00000   0.00000   0.00000   1.00000

res =

   0.00486   0.00000   0.00000   0.00000
   0.00070   1.00000   0.00000   0.00000
  -0.00048   0.00000   1.00000   0.00000
   0.00000   0.00000   0.00000   1.00000

res =

   0.00486   0.00070   0.00000   0.00000
   0.00070   1.00000   0.00000   0.00000
  -0.00048   0.00000   1.00000   0.00000
   0.00000   0.00000   0.00000   1.00000

res =

   0.00486   0.00070   0.00000   0.00000
   0.00070   0.00532   0.00000   0.00000
  -0.00048   0.00000   1.00000   0.00000
   0.00000   0.00000   0.00000   1.00000

res =

   0.00486   0.00070   0.00000   0.00000
   0.00070   0.00532   0.00000   0.00000
  -0.00048  -0.00014   1.00000   0.00000
   0.00000   0.00000   0.00000   1.00000

res =

   0.00486   0.00070  -0.00048   0.00000
   0.00070   0.00532   0.00000   0.00000
  -0.00048  -0.00014   1.00000   0.00000
   0.00000   0.00000   0.00000   1.00000

res =

   0.00486   0.00070  -0.00048   0.00000
   0.00070   0.00532  -0.00014   0.00000
  -0.00048  -0.00014   1.00000   0.00000
   0.00000   0.00000   0.00000   1.00000

res =

   0.00486   0.00070  -0.00048   0.00000
   0.00070   0.00532  -0.00014   0.00000
  -0.00048  -0.00014   0.00671   0.00000
   0.00000   0.00000   0.00000   1.00000

res =

   0.00486   0.00070  -0.00048   0.00000
   0.00070   0.00532  -0.00014   0.00000
  -0.00048  -0.00014   0.00671   0.00000
   0.00000   0.00000   0.00000   1.00000

res =

   0.00486   0.00070  -0.00048   0.00000
   0.00070   0.00532  -0.00014   0.00000
  -0.00048  -0.00014   0.00671   0.00000
   0.00000   0.00000   0.00000   1.00000

res =

   0.00486   0.00070  -0.00048   0.00000
   0.00070   0.00532  -0.00014   0.00000
  -0.00048  -0.00014   0.00671   0.00000
   0.00000   0.00000   0.00000   1.00000

res =

   0.00486   0.00070  -0.00048   0.00000
   0.00070   0.00532  -0.00014   0.00000
  -0.00048  -0.00014   0.00671   0.00000
   0.00000   0.00000   0.00000   1.00000

res =

   0.00486   0.00070  -0.00048   0.00000
   0.00070   0.00532  -0.00014   0.00000
  -0.00048  -0.00014   0.00671   0.00000
   0.00000   0.00000   0.00000   1.00000

res =

   0.00486   0.00070  -0.00048   0.00000
   0.00070   0.00532  -0.00014   0.00000
  -0.00048  -0.00014   0.00671   0.00000
   0.00000   0.00000   0.00000   1.00000

res =

   0.0048572   0.0006985  -0.0004791   0.0000000
   0.0006985   0.0053210  -0.0001382   0.0000000
  -0.0004791  -0.0001382   0.0067141   0.0000000
   0.0000000   0.0000000   0.0000000   0.0037357

retval =

   0.0048572   0.0006985  -0.0004791   0.0000000
   0.0006985   0.0053210  -0.0001382   0.0000000
  -0.0004791  -0.0001382   0.0067141   0.0000000
   0.0000000   0.0000000   0.0000000   0.0037357

retval =

   0.0048572   0.0006985  -0.0004791   0.0000000
   0.0006985   0.0053210  -0.0001382   0.0000000
  -0.0004791  -0.0001382   0.0067141   0.0000000
   0.0000000   0.0000000   0.0000000   0.0037357

R_k1 =

   0.0048572   0.0006985  -0.0004791   0.0000000
   0.0006985   0.0053210  -0.0001382   0.0000000
  -0.0004791  -0.0001382   0.0067141   0.0000000
   0.0000000   0.0000000   0.0000000   0.0037357

ref_k1_eps =

  -0.591662
   0.022381
   0.805875

rad =  0.016667
out = 0
retval =  0.00029089
out =  0.00029089
retval =  0.00029089
obs_k1_eps =  0.00029089
retval =

  -0.0001721076   0.0000065103   0.0002344196

B_k1_eps =

  -0.0001721076   0.0000065103   0.0002344196

retval =

  -0.000344215  -0.000165597   0.000062312
  -0.000165597   0.000013021   0.000240930
   0.000062312   0.000240930   0.000468839

S_k1_eps =

  -0.000344215  -0.000165597   0.000062312
  -0.000165597   0.000013021   0.000240930
   0.000062312   0.000240930   0.000468839

retval = -0.00017211
sigma_k1_eps = -0.00017211
eta_k1 =  0.000000029621
retval =

  -2.1261e-21  -3.0364e-22  -2.5300e-21
   6.1874e-20  -3.3758e-21   1.3524e-20
  -9.9015e-20   4.2001e-22  -2.6144e-20

M_k1 =

  -2.1261e-21  -3.0364e-22  -2.5300e-21
   6.1874e-20  -3.3758e-21   1.3524e-20
  -9.9015e-20   4.2001e-22  -2.6144e-20

v =

   0.0000e+00   6.2178e-20  -9.6485e-20
  -6.2178e-20   0.0000e+00  -1.3104e-20
   9.6485e-20   1.3104e-20   0.0000e+00

retval =

   1.3104e-20
  -9.6485e-20
  -6.2178e-20

y_k1 =

   1.3104e-20
  -9.6485e-20
  -6.2178e-20

p1 = 0
p2 =

   0.001543493  -0.000712054  -0.000528190
  -0.000712054   0.000051661   0.000910311
  -0.000528190   0.000910311  -0.001424623

retval =

   9.1440e-11  -4.2184e-11  -3.1291e-11
  -4.2184e-11   3.0605e-12   5.3929e-11
  -3.1291e-11   5.3929e-11  -8.4398e-11

Q11_k1 =

   9.1440e-11  -4.2184e-11  -3.1291e-11
  -4.2184e-11   3.0605e-12   5.3929e-11
  -3.1291e-11   5.3929e-11  -8.4398e-11

y =

   1.3104e-20
  -9.6485e-20
  -6.2178e-20

retval =

  -2.1387e-27
   2.8911e-27
  -8.3978e-28

Q12_k1 =

  -2.1387e-27
   2.8911e-27
  -8.3978e-28

retval =

  -2.1387e-27   2.8911e-27  -8.3978e-28

Q21_k1 =

  -2.1387e-27   2.8911e-27  -8.3978e-28

retval =  0.00000000023141
Q22_k1 =  0.00000000023141
res =

Diagonal Matrix

   1   0   0   0
   0   1   0   0
   0   0   1   0
   0   0   0   1

res =

Diagonal Matrix

   0.000000000091440                   0                   0                   0
                   0   1.000000000000000                   0                   0
                   0                   0   1.000000000000000                   0
                   0                   0                   0   1.000000000000000

res =

   0.00000   0.00000   0.00000   0.00000
  -0.00000   1.00000   0.00000   0.00000
   0.00000   0.00000   1.00000   0.00000
   0.00000   0.00000   0.00000   1.00000

res =

   0.00000   0.00000   0.00000   0.00000
  -0.00000   1.00000   0.00000   0.00000
  -0.00000   0.00000   1.00000   0.00000
   0.00000   0.00000   0.00000   1.00000

res =

   0.00000  -0.00000   0.00000   0.00000
  -0.00000   1.00000   0.00000   0.00000
  -0.00000   0.00000   1.00000   0.00000
   0.00000   0.00000   0.00000   1.00000

res =

   0.00000  -0.00000   0.00000   0.00000
  -0.00000   0.00000   0.00000   0.00000
  -0.00000   0.00000   1.00000   0.00000
   0.00000   0.00000   0.00000   1.00000

res =

   0.00000  -0.00000   0.00000   0.00000
  -0.00000   0.00000   0.00000   0.00000
  -0.00000   0.00000   1.00000   0.00000
   0.00000   0.00000   0.00000   1.00000

res =

   0.00000  -0.00000  -0.00000   0.00000
  -0.00000   0.00000   0.00000   0.00000
  -0.00000   0.00000   1.00000   0.00000
   0.00000   0.00000   0.00000   1.00000

res =

   0.00000  -0.00000  -0.00000   0.00000
  -0.00000   0.00000   0.00000   0.00000
  -0.00000   0.00000   1.00000   0.00000
   0.00000   0.00000   0.00000   1.00000

res =

   0.00000  -0.00000  -0.00000   0.00000
  -0.00000   0.00000   0.00000   0.00000
  -0.00000   0.00000  -0.00000   0.00000
   0.00000   0.00000   0.00000   1.00000

res =

   0.00000  -0.00000  -0.00000  -0.00000
  -0.00000   0.00000   0.00000   0.00000
  -0.00000   0.00000  -0.00000   0.00000
   0.00000   0.00000   0.00000   1.00000

res =

   0.00000  -0.00000  -0.00000  -0.00000
  -0.00000   0.00000   0.00000   0.00000
  -0.00000   0.00000  -0.00000   0.00000
   0.00000   0.00000   0.00000   1.00000

res =

   0.00000  -0.00000  -0.00000  -0.00000
  -0.00000   0.00000   0.00000   0.00000
  -0.00000   0.00000  -0.00000  -0.00000
   0.00000   0.00000   0.00000   1.00000

res =

   0.00000  -0.00000  -0.00000  -0.00000
  -0.00000   0.00000   0.00000   0.00000
  -0.00000   0.00000  -0.00000  -0.00000
  -0.00000   0.00000   0.00000   1.00000

res =

   0.00000  -0.00000  -0.00000  -0.00000
  -0.00000   0.00000   0.00000   0.00000
  -0.00000   0.00000  -0.00000  -0.00000
  -0.00000   0.00000   0.00000   1.00000

res =

   9.1440e-11  -4.2184e-11  -3.1291e-11  -2.1387e-27
  -4.2184e-11   3.0605e-12   5.3929e-11   2.8911e-27
  -3.1291e-11   5.3929e-11  -8.4398e-11  -8.3978e-28
  -2.1387e-27   2.8911e-27  -8.3978e-28   1.0000e+00

res =

   9.1440e-11  -4.2184e-11  -3.1291e-11  -2.1387e-27
  -4.2184e-11   3.0605e-12   5.3929e-11   2.8911e-27
  -3.1291e-11   5.3929e-11  -8.4398e-11  -8.3978e-28
  -2.1387e-27   2.8911e-27  -8.3978e-28   2.3141e-10

retval =

   9.1440e-11  -4.2184e-11  -3.1291e-11  -2.1387e-27
  -4.2184e-11   3.0605e-12   5.3929e-11   2.8911e-27
  -3.1291e-11   5.3929e-11  -8.4398e-11  -8.3978e-28
  -2.1387e-27   2.8911e-27  -8.3978e-28   2.3141e-10

Q_k1 =

   9.1440e-11  -4.2184e-11  -3.1291e-11  -2.1387e-27
  -4.2184e-11   3.0605e-12   5.3929e-11   2.8911e-27
  -3.1291e-11   5.3929e-11  -8.4398e-11  -8.3978e-28
  -2.1387e-27   2.8911e-27  -8.3978e-28   2.3141e-10

retval =

  -0.87643   0.15401  -0.27462  -0.36433
   0.15401  -0.77975  -0.14802  -0.58852
  -0.27462  -0.14802   0.94335  -0.11301
  -0.36433  -0.58852  -0.11301   0.71284

K_k1_k =

  -0.87643   0.15401  -0.27462  -0.36433
   0.15401  -0.77975  -0.14802  -0.58852
  -0.27462  -0.14802   0.94335  -0.11301
  -0.36433  -0.58852  -0.11301   0.71284

retval =

   0.00496526640   0.00064322784  -0.00030288903   0.00000165202
   0.00064322784   0.00552363135  -0.00007356440   0.00000040124
  -0.00030288903  -0.00007356440   0.00728843659  -0.00001817495
   0.00000165202   0.00000040124  -0.00001817495   0.00395625618

P_k1_k =

   0.00496526640   0.00064322784  -0.00030288903   0.00000165202
   0.00064322784   0.00552363135  -0.00007356440   0.00000040124
  -0.00030288903  -0.00007356440   0.00728843659  -0.00001817495
   0.00000165202   0.00000040124  -0.00001817495   0.00395625618

p_tr =  0.021734
a =  0.000084897
b =  0.00016547
retval =  0.51305
rho_k1 =  0.51305
retval =  0.062500
m_k1 =  0.062500
a =

  -0.426779   0.074993  -0.133725  -0.177409
   0.074993  -0.379700  -0.072076  -0.286582
  -0.133725  -0.072076   0.459364  -0.055029
  -0.177409  -0.286582  -0.055029   0.347116

b =

  -0.38821   0.12542  -0.25344  -0.18042
   0.12542  -0.36421  -0.15952  -0.29898
  -0.25344  -0.15952   0.39765  -0.12416
  -0.18042  -0.29898  -0.12416   0.35477

retval =

  -0.81499   0.20041  -0.38716  -0.35782
   0.20041  -0.74391  -0.23160  -0.58557
  -0.38716  -0.23160   0.85702  -0.17918
  -0.35782  -0.58557  -0.17918   0.70189

K_k1_k1 =

  -0.81499   0.20041  -0.38716  -0.35782
   0.20041  -0.74391  -0.23160  -0.58557
  -0.38716  -0.23160   0.85702  -0.17918
  -0.35782  -0.58557  -0.17918   0.70189

a =  0.23712
b =  0.26322
retval =

   0.002455883108   0.000336389166  -0.000197927145   0.000000391728
   0.000336389166   0.002710357891  -0.000053816093   0.000000095141
  -0.000197927145  -0.000053816093   0.003495516664  -0.000004309658
   0.000000391728   0.000000095141  -0.000004309658   0.001921425778

P_k1_k1 =

   0.002455883108   0.000336389166  -0.000197927145   0.000000391728
   0.000336389166   0.002710357891  -0.000053816093   0.000000095141
  -0.000197927145  -0.000053816093   0.003495516664  -0.000004309658
   0.000000391728   0.000000095141  -0.000004309658   0.001921425778

Q_k1 =

   9.1440e-11  -4.2184e-11  -3.1291e-11  -2.1387e-27
  -4.2184e-11   3.0605e-12   5.3929e-11   2.8911e-27
  -3.1291e-11   5.3929e-11  -8.4398e-11  -8.3978e-28
  -2.1387e-27   2.8911e-27  -8.3978e-28   2.3141e-10

R_k1 =

   0.0048572   0.0006985  -0.0004791   0.0000000
   0.0006985   0.0053210  -0.0001382   0.0000000
  -0.0004791  -0.0001382   0.0067141   0.0000000
   0.0000000   0.0000000   0.0000000   0.0037357

P_k1_k1 =

   0.002455883108   0.000336389166  -0.000197927145   0.000000391728
   0.000336389166   0.002710357891  -0.000053816093   0.000000095141
  -0.000197927145  -0.000053816093   0.003495516664  -0.000004309658
   0.000000391728   0.000000095141  -0.000004309658   0.001921425778

------------------------------------------------------------
sigma_k1 =  0.043219
mi_k1 =  0.0018679
m_k =  0.062500
R_0_0 =

   0.0049583   0.0006401  -0.0003025   0.0000000
   0.0006401   0.0055306  -0.0000752   0.0000000
  -0.0003025  -0.0000752   0.0072885   0.0000000
   0.0000000   0.0000000   0.0000000   0.0039562

rho_k1 =  0.51305
FI_k =

   0.99999   0.00545   0.00000   0.00000
  -0.00545   0.99999   0.00000   0.00000
   0.00000   0.00000   0.99999   0.00545
   0.00000   0.00000  -0.00545   0.99999

K_k1_k =

  -0.87643   0.15401  -0.27462  -0.36433
   0.15401  -0.77975  -0.14802  -0.58852
  -0.27462  -0.14802   0.94335  -0.11301
  -0.36433  -0.58852  -0.11301   0.71284

K_0_0 =

  -0.87811   0.15347  -0.27183  -0.36260
   0.15347  -0.77807  -0.14629  -0.59131
  -0.27183  -0.14629   0.94457  -0.11174
  -0.36260  -0.59131  -0.11174   0.71161

K_k1_k1 =

  -0.81499   0.20041  -0.38716  -0.35782
   0.20041  -0.74391  -0.23160  -0.58557
  -0.38716  -0.23160   0.85702  -0.17918
  -0.35782  -0.58557  -0.17918   0.70189

------------------------------------------------------------
X =

   0.717468   0.629517  -0.240401  -0.176506
   0.536040  -0.765897  -0.181938  -0.304897
   0.253814   0.023309   0.950199  -0.179323
   0.365348  -0.128710   0.078916   0.918546

Y =

Diagonal Matrix

  -0.98443         0         0         0
         0  -1.00000         0         0
         0         0   0.98443         0
         0         0         0   1.00000

W =

   0.717468   0.629517  -0.240401  -0.176506
   0.536040  -0.765897  -0.181938  -0.304897
   0.253814   0.023309   0.950199  -0.179323
   0.365348  -0.128710   0.078916   0.918546

tmp =  1.00000
idx =  4
wq = -0.17651
x = -0.30490
y = -0.17932
z =  0.91855
q_11 = -0.75177
q_12 =  0.43361
q_13 = -0.49682
q_21 = -0.21491
q_22 = -0.87338
q_23 = -0.43707
q_31 = -0.62343
q_32 = -0.22180
q_33 =  0.74976
retval =

   0.74976  -0.22180   0.62343
   0.43707   0.87338  -0.21491
  -0.49682   0.43361   0.75177

XXX =

   0.74976  -0.22180   0.62343
   0.43707   0.87338  -0.21491
  -0.49682   0.43361   0.75177

------------------------------------------------------------
X =

   0.717468   0.629517  -0.240401  -0.176506
   0.536040  -0.765897  -0.181938  -0.304897
   0.253814   0.023309   0.950199  -0.179323
   0.365348  -0.128710   0.078916   0.918546

Y =

Diagonal Matrix

  -0.98443         0         0         0
         0  -1.00000         0         0
         0         0   0.98443         0
         0         0         0   1.00000

W =

   0.717468   0.629517  -0.240401  -0.176506
   0.536040  -0.765897  -0.181938  -0.304897
   0.253814   0.023309   0.950199  -0.179323
   0.365348  -0.128710   0.078916   0.918546

------------------------------------------------------------
rotM =

   0.75000  -0.21651   0.62500
   0.43301   0.87500  -0.21651
  -0.50000   0.43301   0.75000

------------------------------------------------------------
XXX =

   0.74976  -0.22180   0.62343
   0.43707   0.87338  -0.21491
  -0.49682   0.43361   0.75177

ans =

   0.9999867   0.0049746   0.0013594
  -0.0049712   0.9999845  -0.0025117
  -0.0013718   0.0025049   0.9999959

------------------------------------------------------------
ref_k1 =

  -0.591662
   0.022381
   0.805875

------------------------------------------------------------
   0.053833
  -0.412237
   0.909485
-
   0.055080
  -0.411091
   0.909929
----------
obs_k1 =

   0.055080
  -0.411091
   0.909929

  -0.00124630
  -0.00114581
  -0.00044390
----------
----------
----------
K_k1_k1 =

  -0.81499   0.20041  -0.38716  -0.35782
   0.20041  -0.74391  -0.23160  -0.58557
  -0.38716  -0.23160   0.85702  -0.17918
  -0.35782  -0.58557  -0.17918   0.70189

P_k1_k1 =

   0.002455883108   0.000336389166  -0.000197927145   0.000000391728
   0.000336389166   0.002710357891  -0.000053816093   0.000000095141
  -0.000197927145  -0.000053816093   0.003495516664  -0.000004309658
   0.000000391728   0.000000095141  -0.000004309658   0.001921425778

R_k1 =

   0.0048572   0.0006985  -0.0004791   0.0000000
   0.0006985   0.0053210  -0.0001382   0.0000000
  -0.0004791  -0.0001382   0.0067141   0.0000000
   0.0000000   0.0000000   0.0000000   0.0037357

rho_k1 =  0.51305
m_k1 =  0.062500
m_k =  0.062500
delta_m_k1 =  0.062500
sigma_k1 =  0.043219
sigma_k1_eps = -0.00017211
rotM =

   0.75000  -0.21651   0.62500
   0.43301   0.87500  -0.21651
  -0.50000   0.43301   0.75000

rotMInv =

   0.75000   0.43301  -0.50000
  -0.21651   0.87500   0.43301
   0.62500  -0.21651   0.75000

XXX =

   0.74976  -0.22180   0.62343
   0.43707   0.87338  -0.21491
  -0.49682   0.43361   0.75177

   0.74976   0.43707  -0.49682
  -0.22180   0.87338   0.43361
   0.62343  -0.21491   0.75177
 1
   0.74976   0.43707  -0.49682
  -0.22180   0.87338   0.43361
   0.62343  -0.21491   0.75177
 1
   1.0000e+00   2.3925e-17   4.5817e-17
   1.7665e-17   1.0000e+00  -8.3829e-17
   8.8716e-17   3.5272e-17   1.0000e+00
 1
   0.9999847  -0.0043951  -0.0033544
   0.0043900   0.9999892  -0.0015298
   0.0033611   0.0015151   0.9999932
sigma_0 =  0.044476
