t = 0
alfa =  0.52360
beta =  0.52360
gamma =  0.52360
rz =

   0.86603   0.50000   0.00000
  -0.50000   0.86603   0.00000
   0.00000   0.00000   1.00000

ry =

   0.86603   0.00000  -0.50000
   0.00000   1.00000   0.00000
   0.50000   0.00000   0.86603

rx =

   1.00000   0.00000   0.00000
   0.00000   0.86603   0.50000
   0.00000  -0.50000   0.86603

retval =

   0.75000  -0.21651   0.62500
   0.43301   0.87500  -0.21651
  -0.50000   0.43301   0.75000

rotM =

   0.75000   0.43301  -0.50000
  -0.21651   0.87500   0.43301
   0.62500  -0.21651   0.75000

rotMInv =

   0.75000  -0.21651   0.62500
   0.43301   0.87500  -0.21651
  -0.50000   0.43301   0.75000

dT =  30
size =  2
x =

   11.0000    3.0000   43.4100

y =

   61.00000   45.00000    6.40000    0.00000

rad =  165.93
retval =  2.8960
retval =  2.8960
refX =  2.8960
rad =  61.752
out = 0
retval =  1.0778
out =  1.0778
retval =  1.0778
refY =  1.0778
outmatrixC =

Diagonal Matrix

   1   0
   0   1
   0   0
   0   0
   0   0
   0   0
   0   0

res =

   0
   0
   0

res =

  -0.45910
   0.00000
   0.00000

res =

  -0.45910
   0.11505
   0.00000

res =

  -0.45910
   0.11505
   0.88091

retval =

  -0.45910
   0.11505
   0.88091

ref =

  -0.45910
   0.11505
   0.88091

i = 0
t = 0
dT =  30
deltaT = 0
rad = 0
retval =

   1   0   0
   0   1   0
   0   0   1

rotTime =

   1   0   0
   0   1   0
   0   0   1

newRef =

  -0.45910
   0.11505
   0.88091

ob =

  -0.73495
   0.58151
   0.34883

outmatrixC =

Diagonal Matrix

  -0.45910         0
         0   1.00000
         0         0
         0         0
         0         0
         0         0
         0         0

outmatrixC =

  -0.45910   0.00000
   0.11505   1.00000
   0.00000   0.00000
   0.00000   0.00000
   0.00000   0.00000
   0.00000   0.00000
   0.00000   0.00000

outmatrixC =

  -0.45910   0.00000
   0.11505   1.00000
   0.88091   0.00000
   0.00000   0.00000
   0.00000   0.00000
   0.00000   0.00000
   0.00000   0.00000

outmatrixC =

  -0.45910   0.00000
   0.11505   1.00000
   0.88091   0.00000
  -0.73495   0.00000
   0.00000   0.00000
   0.00000   0.00000
   0.00000   0.00000

outmatrixC =

  -0.45910   0.00000
   0.11505   1.00000
   0.88091   0.00000
  -0.73495   0.00000
   0.58151   0.00000
   0.00000   0.00000
   0.00000   0.00000

outmatrixC =

  -0.45910   0.00000
   0.11505   1.00000
   0.88091   0.00000
  -0.73495   0.00000
   0.58151   0.00000
   0.34883   0.00000
   0.00000   0.00000

outmatrixC =

  -0.45910   0.00000
   0.11505   1.00000
   0.88091   0.00000
  -0.73495   0.00000
   0.58151   0.00000
   0.34883   0.00000
   0.00000   0.00000

i =  1
deltaT =  30
rad =  0.0021817
retval =

   1.00000   0.00218   0.00000
  -0.00218   1.00000   0.00000
   0.00000   0.00000   1.00000

rotTime =

   1.00000   0.00218   0.00000
  -0.00218   1.00000   0.00000
   0.00000   0.00000   1.00000

newRef =

  -0.45884
   0.11606
   0.88091

ob =

  -0.73433
   0.58233
   0.34878

outmatrixC =

  -0.45910  -0.45884
   0.11505   1.00000
   0.88091   0.00000
  -0.73495   0.00000
   0.58151   0.00000
   0.34883   0.00000
   0.00000   0.00000

outmatrixC =

  -0.45910  -0.45884
   0.11505   0.11606
   0.88091   0.00000
  -0.73495   0.00000
   0.58151   0.00000
   0.34883   0.00000
   0.00000   0.00000

outmatrixC =

  -0.45910  -0.45884
   0.11505   0.11606
   0.88091   0.88091
  -0.73495   0.00000
   0.58151   0.00000
   0.34883   0.00000
   0.00000   0.00000

outmatrixC =

  -0.45910  -0.45884
   0.11505   0.11606
   0.88091   0.88091
  -0.73495  -0.73433
   0.58151   0.00000
   0.34883   0.00000
   0.00000   0.00000

outmatrixC =

  -0.45910  -0.45884
   0.11505   0.11606
   0.88091   0.88091
  -0.73495  -0.73433
   0.58151   0.58233
   0.34883   0.00000
   0.00000   0.00000

outmatrixC =

  -0.45910  -0.45884
   0.11505   0.11606
   0.88091   0.88091
  -0.73495  -0.73433
   0.58151   0.58233
   0.34883   0.34878
   0.00000   0.00000

outmatrixC =

   -0.45910   -0.45884
    0.11505    0.11606
    0.88091    0.88091
   -0.73495   -0.73433
    0.58151    0.58233
    0.34883    0.34878
    0.00000   30.00000

i =  2
retval =

   -0.45910   -0.45884
    0.11505    0.11606
    0.88091    0.88091
   -0.73495   -0.73433
    0.58151    0.58233
    0.34883    0.34878
    0.00000   30.00000

mes1 =

   -0.45910   -0.45884
    0.11505    0.11606
    0.88091    0.88091
   -0.73495   -0.73433
    0.58151    0.58233
    0.34883    0.34878
    0.00000   30.00000

x =

   11.0000    1.0000   50.7200

y =

   56.00000   22.00000   56.90000    0.00000

rad =  165.46
retval =  2.8878
retval =  2.8878
refX =  2.8878
rad =  56.382
out = 0
retval =  0.98406
out =  0.98406
retval =  0.98406
refY =  0.98406
outmatrixC =

Diagonal Matrix

   1   0
   0   1
   0   0
   0   0
   0   0
   0   0
   0   0

res =

   0
   0
   0

res =

  -0.53592
   0.00000
   0.00000

res =

  -0.53592
   0.13898
   0.00000

res =

  -0.53592
   0.13898
   0.83275

retval =

  -0.53592
   0.13898
   0.83275

ref =

  -0.53592
   0.13898
   0.83275

i = 0
t =  60
dT =  30
deltaT =  60
rad =  0.0043633
retval =

   0.99999   0.00436   0.00000
  -0.00436   0.99999   0.00000
   0.00000   0.00000   1.00000

rotTime =

   0.99999   0.00436   0.00000
  -0.00436   0.99999   0.00000
   0.00000   0.00000   1.00000

newRef =

  -0.53531
   0.14132
   0.83275

ob =

  -0.75666
   0.60014
   0.25940

outmatrixC =

Diagonal Matrix

  -0.53531         0
         0   1.00000
         0         0
         0         0
         0         0
         0         0
         0         0

outmatrixC =

  -0.53531   0.00000
   0.14132   1.00000
   0.00000   0.00000
   0.00000   0.00000
   0.00000   0.00000
   0.00000   0.00000
   0.00000   0.00000

outmatrixC =

  -0.53531   0.00000
   0.14132   1.00000
   0.83275   0.00000
   0.00000   0.00000
   0.00000   0.00000
   0.00000   0.00000
   0.00000   0.00000

outmatrixC =

  -0.53531   0.00000
   0.14132   1.00000
   0.83275   0.00000
  -0.75666   0.00000
   0.00000   0.00000
   0.00000   0.00000
   0.00000   0.00000

outmatrixC =

  -0.53531   0.00000
   0.14132   1.00000
   0.83275   0.00000
  -0.75666   0.00000
   0.60014   0.00000
   0.00000   0.00000
   0.00000   0.00000

outmatrixC =

  -0.53531   0.00000
   0.14132   1.00000
   0.83275   0.00000
  -0.75666   0.00000
   0.60014   0.00000
   0.25940   0.00000
   0.00000   0.00000

outmatrixC =

   -0.53531    0.00000
    0.14132    1.00000
    0.83275    0.00000
   -0.75666    0.00000
    0.60014    0.00000
    0.25940    0.00000
   60.00000    0.00000

i =  1
deltaT =  90
rad =  0.0065450
retval =

   0.99998   0.00654   0.00000
  -0.00654   0.99998   0.00000
   0.00000   0.00000   1.00000

rotTime =

   0.99998   0.00654   0.00000
  -0.00654   0.99998   0.00000
   0.00000   0.00000   1.00000

newRef =

  -0.53500
   0.14249
   0.83275

ob =

  -0.75592
   0.60110
   0.25934

outmatrixC =

   -0.53531   -0.53500
    0.14132    1.00000
    0.83275    0.00000
   -0.75666    0.00000
    0.60014    0.00000
    0.25940    0.00000
   60.00000    0.00000

outmatrixC =

   -0.53531   -0.53500
    0.14132    0.14249
    0.83275    0.00000
   -0.75666    0.00000
    0.60014    0.00000
    0.25940    0.00000
   60.00000    0.00000

outmatrixC =

   -0.53531   -0.53500
    0.14132    0.14249
    0.83275    0.83275
   -0.75666    0.00000
    0.60014    0.00000
    0.25940    0.00000
   60.00000    0.00000

outmatrixC =

   -0.53531   -0.53500
    0.14132    0.14249
    0.83275    0.83275
   -0.75666   -0.75592
    0.60014    0.00000
    0.25940    0.00000
   60.00000    0.00000

outmatrixC =

   -0.53531   -0.53500
    0.14132    0.14249
    0.83275    0.83275
   -0.75666   -0.75592
    0.60014    0.60110
    0.25940    0.00000
   60.00000    0.00000

outmatrixC =

   -0.53531   -0.53500
    0.14132    0.14249
    0.83275    0.83275
   -0.75666   -0.75592
    0.60014    0.60110
    0.25940    0.25934
   60.00000    0.00000

outmatrixC =

   -0.53531   -0.53500
    0.14132    0.14249
    0.83275    0.83275
   -0.75666   -0.75592
    0.60014    0.60110
    0.25940    0.25934
   60.00000   90.00000

i =  2
retval =

   -0.53531   -0.53500
    0.14132    0.14249
    0.83275    0.83275
   -0.75666   -0.75592
    0.60014    0.60110
    0.25940    0.25934
   60.00000   90.00000

mes2 =

   -0.53531   -0.53500
    0.14132    0.14249
    0.83275    0.83275
   -0.75666   -0.75592
    0.60014    0.60110
    0.25940    0.25934
   60.00000   90.00000

x =

   11.000   53.000   50.090

y =

   53.00000   41.00000   41.49000    0.00000

rad =  178.46
retval =  3.1147
retval =  3.1147
refX =  3.1147
rad =  53.695
out = 0
retval =  0.93715
out =  0.93715
retval =  0.93715
refY =  0.93715
outmatrixC =

Diagonal Matrix

   1   0
   0   1
   0   0
   0   0
   0   0
   0   0
   0   0

res =

   0
   0
   0

res =

  -0.59187
   0.00000
   0.00000

res =

  -0.59187
   0.01593
   0.00000

res =

  -0.591871
   0.015926
   0.805875

retval =

  -0.591871
   0.015926
   0.805875

ref =

  -0.591871
   0.015926
   0.805875

i = 0
t =  120
dT =  30
deltaT =  120
rad =  0.0087266
retval =

   0.99996   0.00873   0.00000
  -0.00873   0.99996   0.00000
   0.00000   0.00000   1.00000

rotTime =

   0.99996   0.00873   0.00000
  -0.00873   0.99996   0.00000
   0.00000   0.00000   1.00000

newRef =

  -0.591710
   0.021090
   0.805875

ob =

  -0.83759
   0.49552
   0.23002

outmatrixC =

Diagonal Matrix

  -0.59171         0
         0   1.00000
         0         0
         0         0
         0         0
         0         0
         0         0

outmatrixC =

  -0.59171   0.00000
   0.02109   1.00000
   0.00000   0.00000
   0.00000   0.00000
   0.00000   0.00000
   0.00000   0.00000
   0.00000   0.00000

outmatrixC =

  -0.59171   0.00000
   0.02109   1.00000
   0.80588   0.00000
   0.00000   0.00000
   0.00000   0.00000
   0.00000   0.00000
   0.00000   0.00000

outmatrixC =

  -0.59171   0.00000
   0.02109   1.00000
   0.80588   0.00000
  -0.83759   0.00000
   0.00000   0.00000
   0.00000   0.00000
   0.00000   0.00000

outmatrixC =

  -0.59171   0.00000
   0.02109   1.00000
   0.80588   0.00000
  -0.83759   0.00000
   0.49552   0.00000
   0.00000   0.00000
   0.00000   0.00000

outmatrixC =

  -0.59171   0.00000
   0.02109   1.00000
   0.80588   0.00000
  -0.83759   0.00000
   0.49552   0.00000
   0.23002   0.00000
   0.00000   0.00000

outmatrixC =

    -0.59171     0.00000
     0.02109     1.00000
     0.80588     0.00000
    -0.83759     0.00000
     0.49552     0.00000
     0.23002     0.00000
   120.00000     0.00000

i =  1
deltaT =  150
rad =  0.010908
retval =

   0.99994   0.01091   0.00000
  -0.01091   0.99994   0.00000
   0.00000   0.00000   1.00000

rotTime =

   0.99994   0.01091   0.00000
  -0.01091   0.99994   0.00000
   0.00000   0.00000   1.00000

newRef =

  -0.591662
   0.022381
   0.805875

ob =

  -0.83699
   0.49664
   0.22977

outmatrixC =

    -0.59171    -0.59166
     0.02109     1.00000
     0.80588     0.00000
    -0.83759     0.00000
     0.49552     0.00000
     0.23002     0.00000
   120.00000     0.00000

outmatrixC =

    -0.59171    -0.59166
     0.02109     0.02238
     0.80588     0.00000
    -0.83759     0.00000
     0.49552     0.00000
     0.23002     0.00000
   120.00000     0.00000

outmatrixC =

    -0.59171    -0.59166
     0.02109     0.02238
     0.80588     0.80588
    -0.83759     0.00000
     0.49552     0.00000
     0.23002     0.00000
   120.00000     0.00000

outmatrixC =

    -0.59171    -0.59166
     0.02109     0.02238
     0.80588     0.80588
    -0.83759    -0.83699
     0.49552     0.00000
     0.23002     0.00000
   120.00000     0.00000

outmatrixC =

    -0.59171    -0.59166
     0.02109     0.02238
     0.80588     0.80588
    -0.83759    -0.83699
     0.49552     0.49664
     0.23002     0.00000
   120.00000     0.00000

outmatrixC =

    -0.59171    -0.59166
     0.02109     0.02238
     0.80588     0.80588
    -0.83759    -0.83699
     0.49552     0.49664
     0.23002     0.22977
   120.00000     0.00000

outmatrixC =

    -0.591710    -0.591662
     0.021090     0.022381
     0.805875     0.805875
    -0.837588    -0.836993
     0.495517     0.496636
     0.230022     0.229772
   120.000000   150.000000

i =  2
retval =

    -0.591710    -0.591662
     0.021090     0.022381
     0.805875     0.805875
    -0.837588    -0.836993
     0.495517     0.496636
     0.230022     0.229772
   120.000000   150.000000

mes3 =

    -0.591710    -0.591662
     0.021090     0.022381
     0.805875     0.805875
    -0.837588    -0.836993
     0.495517     0.496636
     0.230022     0.229772
   120.000000   150.000000

w =  0.062500
err_ = 0
err =

   0   0   0

epsylon =

   0   0   0

ref =

  -0.45910
   0.11505
   0.88091

obs =

  -0.73495
   0.58151
   0.34883

retval =

   0.0210884  -0.0052850  -0.0404641
  -0.0166856   0.0041816   0.0320161
  -0.0100093   0.0025084   0.0192057

B_0 =

   0.0210884  -0.0052850  -0.0404641
  -0.0166856   0.0041816   0.0320161
  -0.0100093   0.0025084   0.0192057

retval =

   0.0421767  -0.0219705  -0.0504733
  -0.0219705   0.0083631   0.0345245
  -0.0504733   0.0345245   0.0384113

S_0 =

   0.0421767  -0.0219705  -0.0504733
  -0.0219705   0.0083631   0.0345245
  -0.0504733   0.0345245   0.0384113

retval =

   0.029508
   0.030455
   0.011401

Z_0 =

   0.029508
   0.030455
   0.011401

retval =  0.044476
sigma_0 =  0.044476
K =

Diagonal Matrix

   1   0   0   0
   0   1   0   0
   0   0   1   0
   0   0   0   1

q1 =

  -0.0022989  -0.0219705  -0.0504733
  -0.0219705  -0.0361124   0.0345245
  -0.0504733   0.0345245  -0.0060643

K =

Diagonal Matrix

  -0.0022989           0           0           0
           0   1.0000000           0           0
           0           0   1.0000000           0
           0           0           0   1.0000000

K =

  -0.00230   0.00000   0.00000   0.00000
  -0.02197   1.00000   0.00000   0.00000
   0.00000   0.00000   1.00000   0.00000
   0.00000   0.00000   0.00000   1.00000

K =

  -0.00230   0.00000   0.00000   0.00000
  -0.02197   1.00000   0.00000   0.00000
  -0.05047   0.00000   1.00000   0.00000
   0.00000   0.00000   0.00000   1.00000

K =

  -0.00230  -0.02197   0.00000   0.00000
  -0.02197   1.00000   0.00000   0.00000
  -0.05047   0.00000   1.00000   0.00000
   0.00000   0.00000   0.00000   1.00000

K =

  -0.00230  -0.02197   0.00000   0.00000
  -0.02197  -0.03611   0.00000   0.00000
  -0.05047   0.00000   1.00000   0.00000
   0.00000   0.00000   0.00000   1.00000

K =

  -0.00230  -0.02197   0.00000   0.00000
  -0.02197  -0.03611   0.00000   0.00000
  -0.05047   0.03452   1.00000   0.00000
   0.00000   0.00000   0.00000   1.00000

K =

  -0.00230  -0.02197  -0.05047   0.00000
  -0.02197  -0.03611   0.00000   0.00000
  -0.05047   0.03452   1.00000   0.00000
   0.00000   0.00000   0.00000   1.00000

K =

  -0.00230  -0.02197  -0.05047   0.00000
  -0.02197  -0.03611   0.03452   0.00000
  -0.05047   0.03452   1.00000   0.00000
   0.00000   0.00000   0.00000   1.00000

K =

  -0.00230  -0.02197  -0.05047   0.00000
  -0.02197  -0.03611   0.03452   0.00000
  -0.05047   0.03452  -0.00606   0.00000
   0.00000   0.00000   0.00000   1.00000

K =

  -0.00230  -0.02197  -0.05047   0.00000
  -0.02197  -0.03611   0.03452   0.00000
  -0.05047   0.03452  -0.00606   0.00000
   0.02951   0.00000   0.00000   1.00000

K =

  -0.00230  -0.02197  -0.05047   0.00000
  -0.02197  -0.03611   0.03452   0.00000
  -0.05047   0.03452  -0.00606   0.00000
   0.02951   0.03045   0.00000   1.00000

K =

  -0.00230  -0.02197  -0.05047   0.00000
  -0.02197  -0.03611   0.03452   0.00000
  -0.05047   0.03452  -0.00606   0.00000
   0.02951   0.03045   0.01140   1.00000

K =

  -0.002299  -0.021971  -0.050473   0.000000
  -0.021971  -0.036112   0.034525   0.000000
  -0.050473   0.034525  -0.006064   0.000000
   0.029508   0.030455   0.011401   0.044476

K =

  -0.002299  -0.021971  -0.050473   0.029508
  -0.021971  -0.036112   0.034525   0.000000
  -0.050473   0.034525  -0.006064   0.000000
   0.029508   0.030455   0.011401   0.044476

K =

  -0.002299  -0.021971  -0.050473   0.029508
  -0.021971  -0.036112   0.034525   0.030455
  -0.050473   0.034525  -0.006064   0.000000
   0.029508   0.030455   0.011401   0.044476

K =

  -0.0022989  -0.0219705  -0.0504733   0.0295077
  -0.0219705  -0.0361124   0.0345245   0.0304548
  -0.0504733   0.0345245  -0.0060643   0.0114006
   0.0295077   0.0304548   0.0114006   0.0444756

retval =

  -0.036782  -0.351529  -0.807574   0.472123
  -0.351529  -0.577799   0.552392   0.487277
  -0.807574   0.552392  -0.097029   0.182410
   0.472123   0.487277   0.182410   0.711609

delta_K_0 =

  -0.036782  -0.351529  -0.807574   0.472123
  -0.351529  -0.577799   0.552392   0.487277
  -0.807574   0.552392  -0.097029   0.182410
   0.472123   0.487277   0.182410   0.711609

K_0_0 =

  -0.036782  -0.351529  -0.807574   0.472123
  -0.351529  -0.577799   0.552392   0.487277
  -0.807574   0.552392  -0.097029   0.182410
   0.472123   0.487277   0.182410   0.711609

delta_m_0 =  0.062500
m_0 =  0.062500
mi =  0.0019781
n =  1
a1 =

Diagonal Matrix

   2.4936        0        0
        0   2.4936        0
        0        0   2.4936

a2 =

   0.480214  -0.250151  -0.574677
  -0.250151   0.095221   0.393087
  -0.574677   0.393087   0.437342

res =

Diagonal Matrix

   1   0   0
   0   1   0
   0   0   1

res =

Diagonal Matrix

   0   0   0
   0   1   0
   0   0   1

res =

   0.00000   0.00000   0.00000
   0.88091   1.00000   0.00000
   0.00000   0.00000   1.00000

res =

   0.00000   0.00000   0.00000
   0.88091   1.00000   0.00000
  -0.11505   0.00000   1.00000

res =

   0.00000  -0.88091   0.00000
   0.88091   1.00000   0.00000
  -0.11505   0.00000   1.00000

res =

   0.00000  -0.88091   0.00000
   0.88091   0.00000   0.00000
  -0.11505   0.00000   1.00000

res =

   0.00000  -0.88091   0.00000
   0.88091   0.00000   0.00000
  -0.11505  -0.45910   1.00000

res =

   0.00000  -0.88091   0.11505
   0.88091   0.00000   0.00000
  -0.11505  -0.45910   1.00000

res =

   0.00000  -0.88091   0.11505
   0.88091   0.00000   0.45910
  -0.11505  -0.45910   1.00000

res =

   0.00000  -0.88091   0.11505
   0.88091   0.00000   0.45910
  -0.11505  -0.45910   0.00000

retval =

   0.00000  -0.88091   0.11505
   0.88091   0.00000   0.45910
  -0.11505  -0.45910   0.00000

res =

Diagonal Matrix

   1   0   0
   0   1   0
   0   0   1

res =

Diagonal Matrix

   0   0   0
   0   1   0
   0   0   1

res =

   0.00000   0.00000   0.00000
   0.88091   1.00000   0.00000
   0.00000   0.00000   1.00000

res =

   0.00000   0.00000   0.00000
   0.88091   1.00000   0.00000
  -0.11505   0.00000   1.00000

res =

   0.00000  -0.88091   0.00000
   0.88091   1.00000   0.00000
  -0.11505   0.00000   1.00000

res =

   0.00000  -0.88091   0.00000
   0.88091   0.00000   0.00000
  -0.11505   0.00000   1.00000

res =

   0.00000  -0.88091   0.00000
   0.88091   0.00000   0.00000
  -0.11505  -0.45910   1.00000

res =

   0.00000  -0.88091   0.11505
   0.88091   0.00000   0.00000
  -0.11505  -0.45910   1.00000

res =

   0.00000  -0.88091   0.11505
   0.88091   0.00000   0.45910
  -0.11505  -0.45910   1.00000

res =

   0.00000  -0.88091   0.11505
   0.88091   0.00000   0.45910
  -0.11505  -0.45910   0.00000

retval =

   0.00000  -0.88091   0.11505
   0.88091   0.00000   0.45910
  -0.11505  -0.45910   0.00000

a3 =

   0.222900   0.230054   0.086120
   0.230054   0.237439   0.088884
   0.086120   0.088884   0.033273

retval =

   0.006323374  -0.000039753  -0.000966404
  -0.000039753   0.005590586   0.000953378
  -0.000966404   0.000953378   0.005863473

R11 =

   0.006323374  -0.000039753  -0.000966404
  -0.000039753   0.005590586   0.000953378
  -0.000966404   0.000953378   0.005863473

retval =

   0   0   0

R12 =

   0   0   0

retval =

   0
   0
   0

R21 =

   0
   0
   0

retval =  0.0039562
R22 =  0.0039562
res =

Diagonal Matrix

   1   0   0   0
   0   1   0   0
   0   0   1   0
   0   0   0   1

res =

Diagonal Matrix

   0.0063234           0           0           0
           0   1.0000000           0           0
           0           0   1.0000000           0
           0           0           0   1.0000000

res =

   0.00632   0.00000   0.00000   0.00000
  -0.00004   1.00000   0.00000   0.00000
   0.00000   0.00000   1.00000   0.00000
   0.00000   0.00000   0.00000   1.00000

res =

   0.00632   0.00000   0.00000   0.00000
  -0.00004   1.00000   0.00000   0.00000
  -0.00097   0.00000   1.00000   0.00000
   0.00000   0.00000   0.00000   1.00000

res =

   0.00632  -0.00004   0.00000   0.00000
  -0.00004   1.00000   0.00000   0.00000
  -0.00097   0.00000   1.00000   0.00000
   0.00000   0.00000   0.00000   1.00000

res =

   0.00632  -0.00004   0.00000   0.00000
  -0.00004   0.00559   0.00000   0.00000
  -0.00097   0.00000   1.00000   0.00000
   0.00000   0.00000   0.00000   1.00000

res =

   0.00632  -0.00004   0.00000   0.00000
  -0.00004   0.00559   0.00000   0.00000
  -0.00097   0.00095   1.00000   0.00000
   0.00000   0.00000   0.00000   1.00000

res =

   0.00632  -0.00004  -0.00097   0.00000
  -0.00004   0.00559   0.00000   0.00000
  -0.00097   0.00095   1.00000   0.00000
   0.00000   0.00000   0.00000   1.00000

res =

   0.00632  -0.00004  -0.00097   0.00000
  -0.00004   0.00559   0.00095   0.00000
  -0.00097   0.00095   1.00000   0.00000
   0.00000   0.00000   0.00000   1.00000

res =

   0.00632  -0.00004  -0.00097   0.00000
  -0.00004   0.00559   0.00095   0.00000
  -0.00097   0.00095   0.00586   0.00000
   0.00000   0.00000   0.00000   1.00000

res =

   0.00632  -0.00004  -0.00097   0.00000
  -0.00004   0.00559   0.00095   0.00000
  -0.00097   0.00095   0.00586   0.00000
   0.00000   0.00000   0.00000   1.00000

res =

   0.00632  -0.00004  -0.00097   0.00000
  -0.00004   0.00559   0.00095   0.00000
  -0.00097   0.00095   0.00586   0.00000
   0.00000   0.00000   0.00000   1.00000

res =

   0.00632  -0.00004  -0.00097   0.00000
  -0.00004   0.00559   0.00095   0.00000
  -0.00097   0.00095   0.00586   0.00000
   0.00000   0.00000   0.00000   1.00000

res =

   0.00632  -0.00004  -0.00097   0.00000
  -0.00004   0.00559   0.00095   0.00000
  -0.00097   0.00095   0.00586   0.00000
   0.00000   0.00000   0.00000   1.00000

res =

   0.00632  -0.00004  -0.00097   0.00000
  -0.00004   0.00559   0.00095   0.00000
  -0.00097   0.00095   0.00586   0.00000
   0.00000   0.00000   0.00000   1.00000

res =

   0.00632  -0.00004  -0.00097   0.00000
  -0.00004   0.00559   0.00095   0.00000
  -0.00097   0.00095   0.00586   0.00000
   0.00000   0.00000   0.00000   1.00000

res =

   0.0063234  -0.0000398  -0.0009664   0.0000000
  -0.0000398   0.0055906   0.0009534   0.0000000
  -0.0009664   0.0009534   0.0058635   0.0000000
   0.0000000   0.0000000   0.0000000   0.0039562

retval =

   0.0063234  -0.0000398  -0.0009664   0.0000000
  -0.0000398   0.0055906   0.0009534   0.0000000
  -0.0009664   0.0009534   0.0058635   0.0000000
   0.0000000   0.0000000   0.0000000   0.0039562

retval =

   0.0063234  -0.0000398  -0.0009664   0.0000000
  -0.0000398   0.0055906   0.0009534   0.0000000
  -0.0009664   0.0009534   0.0058635   0.0000000
   0.0000000   0.0000000   0.0000000   0.0039562

R_0_0 =

   0.0063234  -0.0000398  -0.0009664   0.0000000
  -0.0000398   0.0055906   0.0009534   0.0000000
  -0.0009664   0.0009534   0.0058635   0.0000000
   0.0000000   0.0000000   0.0000000   0.0039562

P_0_0 =

   0.0063234  -0.0000398  -0.0009664   0.0000000
  -0.0000398   0.0055906   0.0009534   0.0000000
  -0.0009664   0.0009534   0.0058635   0.0000000
   0.0000000   0.0000000   0.0000000   0.0039562

P_k_k =

   0.0063234  -0.0000398  -0.0009664   0.0000000
  -0.0000398   0.0055906   0.0009534   0.0000000
  -0.0009664   0.0009534   0.0058635   0.0000000
   0.0000000   0.0000000   0.0000000   0.0039562

K_k_k =

  -0.036782  -0.351529  -0.807574   0.472123
  -0.351529  -0.577799   0.552392   0.487277
  -0.807574   0.552392  -0.097029   0.182410
   0.472123   0.487277   0.182410   0.711609

m_k =  0.062500
omega =

   0.000000000   0.000000000   0.000072722

deltaT =  150
res =

Diagonal Matrix

   1   0   0
   0   1   0
   0   0   1

res =

Diagonal Matrix

   0   0   0
   0   1   0
   0   0   1

res =

   0.00000   0.00000   0.00000
   0.00007   1.00000   0.00000
   0.00000   0.00000   1.00000

res =

   0.00000   0.00000   0.00000
   0.00007   1.00000   0.00000
  -0.00000   0.00000   1.00000

res =

   0.00000  -0.00007   0.00000
   0.00007   1.00000   0.00000
  -0.00000   0.00000   1.00000

res =

   0.00000  -0.00007   0.00000
   0.00007   0.00000   0.00000
  -0.00000   0.00000   1.00000

res =

   0.00000  -0.00007   0.00000
   0.00007   0.00000   0.00000
  -0.00000   0.00000   1.00000

res =

   0.00000  -0.00007   0.00000
   0.00007   0.00000   0.00000
  -0.00000   0.00000   1.00000

res =

   0.00000  -0.00007   0.00000
   0.00007   0.00000  -0.00000
  -0.00000   0.00000   1.00000

res =

   0.000000000  -0.000072722   0.000000000
   0.000072722   0.000000000  -0.000000000
  -0.000000000   0.000000000   0.000000000

retval =

   0.000000000  -0.000072722   0.000000000
   0.000072722   0.000000000  -0.000000000
  -0.000000000   0.000000000   0.000000000

retval =

   0.000000000  -0.000072722   0.000000000
   0.000072722   0.000000000  -0.000000000
  -0.000000000   0.000000000   0.000000000

omega_c =

   0.000000000  -0.000072722   0.000000000
   0.000072722   0.000000000  -0.000000000
  -0.000000000   0.000000000   0.000000000

res =

   0   0   0   0
   0   0   0   0
   0   0   0   0
   0   0   0   0

res =

  -0   0   0   0
   0   0   0   0
   0   0   0   0
   0   0   0   0

res =

  -0.000000000   0.000000000   0.000000000   0.000000000
  -0.000072722   0.000000000   0.000000000   0.000000000
   0.000000000   0.000000000   0.000000000   0.000000000
   0.000000000   0.000000000   0.000000000   0.000000000

res =

  -0.000000000   0.000000000   0.000000000   0.000000000
  -0.000072722   0.000000000   0.000000000   0.000000000
   0.000000000   0.000000000   0.000000000   0.000000000
   0.000000000   0.000000000   0.000000000   0.000000000

res =

  -0.000000000   0.000072722   0.000000000   0.000000000
  -0.000072722   0.000000000   0.000000000   0.000000000
   0.000000000   0.000000000   0.000000000   0.000000000
   0.000000000   0.000000000   0.000000000   0.000000000

res =

  -0.000000000   0.000072722   0.000000000   0.000000000
  -0.000072722  -0.000000000   0.000000000   0.000000000
   0.000000000   0.000000000   0.000000000   0.000000000
   0.000000000   0.000000000   0.000000000   0.000000000

res =

  -0.000000000   0.000072722   0.000000000   0.000000000
  -0.000072722  -0.000000000   0.000000000   0.000000000
   0.000000000  -0.000000000   0.000000000   0.000000000
   0.000000000   0.000000000   0.000000000   0.000000000

res =

  -0.000000000   0.000072722  -0.000000000   0.000000000
  -0.000072722  -0.000000000   0.000000000   0.000000000
   0.000000000  -0.000000000   0.000000000   0.000000000
   0.000000000   0.000000000   0.000000000   0.000000000

res =

  -0.000000000   0.000072722  -0.000000000   0.000000000
  -0.000072722  -0.000000000   0.000000000   0.000000000
   0.000000000  -0.000000000   0.000000000   0.000000000
   0.000000000   0.000000000   0.000000000   0.000000000

res =

  -0.000000000   0.000072722  -0.000000000   0.000000000
  -0.000072722  -0.000000000   0.000000000   0.000000000
   0.000000000  -0.000000000  -0.000000000   0.000000000
   0.000000000   0.000000000   0.000000000   0.000000000

res =

  -0.000000000   0.000072722  -0.000000000   0.000000000
  -0.000072722  -0.000000000   0.000000000   0.000000000
   0.000000000  -0.000000000  -0.000000000   0.000000000
   0.000000000   0.000000000   0.000000000   0.000000000

res =

  -0.000000000   0.000072722  -0.000000000   0.000000000
  -0.000072722  -0.000000000   0.000000000   0.000000000
   0.000000000  -0.000000000  -0.000000000   0.000000000
   0.000000000   0.000000000   0.000000000   0.000000000

res =

  -0.000000000   0.000072722  -0.000000000   0.000000000
  -0.000072722  -0.000000000   0.000000000   0.000000000
   0.000000000  -0.000000000  -0.000000000   0.000072722
   0.000000000   0.000000000   0.000000000   0.000000000

res =

  -0.000000000   0.000072722  -0.000000000   0.000000000
  -0.000072722  -0.000000000   0.000000000   0.000000000
   0.000000000  -0.000000000  -0.000000000   0.000072722
  -0.000000000   0.000000000   0.000000000   0.000000000

res =

  -0.000000000   0.000072722  -0.000000000   0.000000000
  -0.000072722  -0.000000000   0.000000000   0.000000000
   0.000000000  -0.000000000  -0.000000000   0.000072722
  -0.000000000  -0.000000000   0.000000000   0.000000000

res =

  -0.000000000   0.000072722  -0.000000000   0.000000000
  -0.000072722  -0.000000000   0.000000000   0.000000000
   0.000000000  -0.000000000  -0.000000000   0.000072722
  -0.000000000  -0.000000000  -0.000072722   0.000000000

res =

  -0.000000000   0.000072722  -0.000000000   0.000000000
  -0.000072722  -0.000000000   0.000000000   0.000000000
   0.000000000  -0.000000000  -0.000000000   0.000072722
  -0.000000000  -0.000000000  -0.000072722   0.000000000

retval =

  -0.000000000   0.000072722  -0.000000000   0.000000000
  -0.000072722  -0.000000000   0.000000000   0.000000000
   0.000000000  -0.000000000  -0.000000000   0.000072722
  -0.000000000  -0.000000000  -0.000072722   0.000000000

retval =

  -0.000000000   0.000036361  -0.000000000   0.000000000
  -0.000036361  -0.000000000   0.000000000   0.000000000
   0.000000000  -0.000000000  -0.000000000   0.000036361
  -0.000000000  -0.000000000  -0.000036361   0.000000000

omega =

  -0.000000000   0.000036361  -0.000000000   0.000000000
  -0.000036361  -0.000000000   0.000000000   0.000000000
   0.000000000  -0.000000000  -0.000000000   0.000036361
  -0.000000000  -0.000000000  -0.000036361   0.000000000

retval =

   0.99999   0.00545   0.00000   0.00000
  -0.00545   0.99999   0.00000   0.00000
   0.00000   0.00000   0.99999   0.00545
   0.00000   0.00000  -0.00545   0.99999

FI_k =

   0.99999   0.00545   0.00000   0.00000
  -0.00545   0.99999   0.00000   0.00000
   0.00000   0.00000   0.99999   0.00545
   0.00000   0.00000  -0.00545   0.99999

res =

Diagonal Matrix

   1   0   0
   0   1   0
   0   0   1

res =

Diagonal Matrix

   0   0   0
   0   1   0
   0   0   1

res =

   0.00000   0.00000   0.00000
   0.00007   1.00000   0.00000
   0.00000   0.00000   1.00000

res =

   0.00000   0.00000   0.00000
   0.00007   1.00000   0.00000
  -0.00000   0.00000   1.00000

res =

   0.00000  -0.00007   0.00000
   0.00007   1.00000   0.00000
  -0.00000   0.00000   1.00000

res =

   0.00000  -0.00007   0.00000
   0.00007   0.00000   0.00000
  -0.00000   0.00000   1.00000

res =

   0.00000  -0.00007   0.00000
   0.00007   0.00000   0.00000
  -0.00000   0.00000   1.00000

res =

   0.00000  -0.00007   0.00000
   0.00007   0.00000   0.00000
  -0.00000   0.00000   1.00000

res =

   0.00000  -0.00007   0.00000
   0.00007   0.00000  -0.00000
  -0.00000   0.00000   1.00000

res =

   0.000000000  -0.000072722   0.000000000
   0.000072722   0.000000000  -0.000000000
  -0.000000000   0.000000000   0.000000000

retval =

   0.000000000  -0.000072722   0.000000000
   0.000072722   0.000000000  -0.000000000
  -0.000000000   0.000000000   0.000000000

retval =

   0.000000000  -0.000072722   0.000000000
   0.000072722   0.000000000  -0.000000000
  -0.000000000   0.000000000   0.000000000

omega_c =

   0.000000000  -0.000072722   0.000000000
   0.000072722   0.000000000  -0.000000000
  -0.000000000   0.000000000   0.000000000

res =

   0   0   0   0
   0   0   0   0
   0   0   0   0
   0   0   0   0

res =

  -0   0   0   0
   0   0   0   0
   0   0   0   0
   0   0   0   0

res =

  -0.000000000   0.000000000   0.000000000   0.000000000
  -0.000072722   0.000000000   0.000000000   0.000000000
   0.000000000   0.000000000   0.000000000   0.000000000
   0.000000000   0.000000000   0.000000000   0.000000000

res =

  -0.000000000   0.000000000   0.000000000   0.000000000
  -0.000072722   0.000000000   0.000000000   0.000000000
   0.000000000   0.000000000   0.000000000   0.000000000
   0.000000000   0.000000000   0.000000000   0.000000000

res =

  -0.000000000   0.000072722   0.000000000   0.000000000
  -0.000072722   0.000000000   0.000000000   0.000000000
   0.000000000   0.000000000   0.000000000   0.000000000
   0.000000000   0.000000000   0.000000000   0.000000000

res =

  -0.000000000   0.000072722   0.000000000   0.000000000
  -0.000072722  -0.000000000   0.000000000   0.000000000
   0.000000000   0.000000000   0.000000000   0.000000000
   0.000000000   0.000000000   0.000000000   0.000000000

res =

  -0.000000000   0.000072722   0.000000000   0.000000000
  -0.000072722  -0.000000000   0.000000000   0.000000000
   0.000000000  -0.000000000   0.000000000   0.000000000
   0.000000000   0.000000000   0.000000000   0.000000000

res =

  -0.000000000   0.000072722  -0.000000000   0.000000000
  -0.000072722  -0.000000000   0.000000000   0.000000000
   0.000000000  -0.000000000   0.000000000   0.000000000
   0.000000000   0.000000000   0.000000000   0.000000000

res =

  -0.000000000   0.000072722  -0.000000000   0.000000000
  -0.000072722  -0.000000000   0.000000000   0.000000000
   0.000000000  -0.000000000   0.000000000   0.000000000
   0.000000000   0.000000000   0.000000000   0.000000000

res =

  -0.000000000   0.000072722  -0.000000000   0.000000000
  -0.000072722  -0.000000000   0.000000000   0.000000000
   0.000000000  -0.000000000  -0.000000000   0.000000000
   0.000000000   0.000000000   0.000000000   0.000000000

res =

  -0.000000000   0.000072722  -0.000000000   0.000000000
  -0.000072722  -0.000000000   0.000000000   0.000000000
   0.000000000  -0.000000000  -0.000000000   0.000000000
   0.000000000   0.000000000   0.000000000   0.000000000

res =

  -0.000000000   0.000072722  -0.000000000   0.000000000
  -0.000072722  -0.000000000   0.000000000   0.000000000
   0.000000000  -0.000000000  -0.000000000   0.000000000
   0.000000000   0.000000000   0.000000000   0.000000000

res =

  -0.000000000   0.000072722  -0.000000000   0.000000000
  -0.000072722  -0.000000000   0.000000000   0.000000000
   0.000000000  -0.000000000  -0.000000000   0.000072722
   0.000000000   0.000000000   0.000000000   0.000000000

res =

  -0.000000000   0.000072722  -0.000000000   0.000000000
  -0.000072722  -0.000000000   0.000000000   0.000000000
   0.000000000  -0.000000000  -0.000000000   0.000072722
  -0.000000000   0.000000000   0.000000000   0.000000000

res =

  -0.000000000   0.000072722  -0.000000000   0.000000000
  -0.000072722  -0.000000000   0.000000000   0.000000000
   0.000000000  -0.000000000  -0.000000000   0.000072722
  -0.000000000  -0.000000000   0.000000000   0.000000000

res =

  -0.000000000   0.000072722  -0.000000000   0.000000000
  -0.000072722  -0.000000000   0.000000000   0.000000000
   0.000000000  -0.000000000  -0.000000000   0.000072722
  -0.000000000  -0.000000000  -0.000072722   0.000000000

res =

  -0.000000000   0.000072722  -0.000000000   0.000000000
  -0.000072722  -0.000000000   0.000000000   0.000000000
   0.000000000  -0.000000000  -0.000000000   0.000072722
  -0.000000000  -0.000000000  -0.000072722   0.000000000

retval =

  -0.000000000   0.000072722  -0.000000000   0.000000000
  -0.000072722  -0.000000000   0.000000000   0.000000000
   0.000000000  -0.000000000  -0.000000000   0.000072722
  -0.000000000  -0.000000000  -0.000072722   0.000000000

retval =

  -0.000000000   0.000036361  -0.000000000   0.000000000
  -0.000036361  -0.000000000   0.000000000   0.000000000
   0.000000000  -0.000000000  -0.000000000   0.000036361
  -0.000000000  -0.000000000  -0.000036361   0.000000000

OMEGA_k =

  -0.000000000   0.000036361  -0.000000000   0.000000000
  -0.000036361  -0.000000000   0.000000000   0.000000000
   0.000000000  -0.000000000  -0.000000000   0.000036361
  -0.000000000  -0.000000000  -0.000036361   0.000000000

ref_k1 =

  -0.53500
   0.14249
   0.83275

obs_k1 =

  -0.75592
   0.60110
   0.25934

retval =

   0.0252761  -0.0067319  -0.0393436
  -0.0200991   0.0053531   0.0312854
  -0.0086717   0.0023096   0.0134979

B_k1 =

   0.0252761  -0.0067319  -0.0393436
  -0.0200991   0.0053531   0.0312854
  -0.0086717   0.0023096   0.0134979

retval =

   0.050552  -0.026831  -0.048015
  -0.026831   0.010706   0.033595
  -0.048015   0.033595   0.026996

S_k1 =

   0.050552  -0.026831  -0.048015
  -0.026831   0.010706   0.033595
  -0.048015   0.033595   0.026996

retval =

   0.028976
   0.030672
   0.013367

Z_k1 =

   0.028976
   0.030672
   0.013367

retval =  0.044127
sigma_k1 =  0.044127
K =

Diagonal Matrix

   1   0   0   0
   0   1   0   0
   0   0   1   0
   0   0   0   1

q1 =

   0.0064250  -0.0268310  -0.0480153
  -0.0268310  -0.0334209   0.0335950
  -0.0480153   0.0335950  -0.0171312

K =

Diagonal Matrix

   0.0064250           0           0           0
           0   1.0000000           0           0
           0           0   1.0000000           0
           0           0           0   1.0000000

K =

   0.00643   0.00000   0.00000   0.00000
  -0.02683   1.00000   0.00000   0.00000
   0.00000   0.00000   1.00000   0.00000
   0.00000   0.00000   0.00000   1.00000

K =

   0.00643   0.00000   0.00000   0.00000
  -0.02683   1.00000   0.00000   0.00000
  -0.04802   0.00000   1.00000   0.00000
   0.00000   0.00000   0.00000   1.00000

K =

   0.00643  -0.02683   0.00000   0.00000
  -0.02683   1.00000   0.00000   0.00000
  -0.04802   0.00000   1.00000   0.00000
   0.00000   0.00000   0.00000   1.00000

K =

   0.00643  -0.02683   0.00000   0.00000
  -0.02683  -0.03342   0.00000   0.00000
  -0.04802   0.00000   1.00000   0.00000
   0.00000   0.00000   0.00000   1.00000

K =

   0.00643  -0.02683   0.00000   0.00000
  -0.02683  -0.03342   0.00000   0.00000
  -0.04802   0.03359   1.00000   0.00000
   0.00000   0.00000   0.00000   1.00000

K =

   0.00643  -0.02683  -0.04802   0.00000
  -0.02683  -0.03342   0.00000   0.00000
  -0.04802   0.03359   1.00000   0.00000
   0.00000   0.00000   0.00000   1.00000

K =

   0.00643  -0.02683  -0.04802   0.00000
  -0.02683  -0.03342   0.03359   0.00000
  -0.04802   0.03359   1.00000   0.00000
   0.00000   0.00000   0.00000   1.00000

K =

   0.00643  -0.02683  -0.04802   0.00000
  -0.02683  -0.03342   0.03359   0.00000
  -0.04802   0.03359  -0.01713   0.00000
   0.00000   0.00000   0.00000   1.00000

K =

   0.00643  -0.02683  -0.04802   0.00000
  -0.02683  -0.03342   0.03359   0.00000
  -0.04802   0.03359  -0.01713   0.00000
   0.02898   0.00000   0.00000   1.00000

K =

   0.00643  -0.02683  -0.04802   0.00000
  -0.02683  -0.03342   0.03359   0.00000
  -0.04802   0.03359  -0.01713   0.00000
   0.02898   0.03067   0.00000   1.00000

K =

   0.00643  -0.02683  -0.04802   0.00000
  -0.02683  -0.03342   0.03359   0.00000
  -0.04802   0.03359  -0.01713   0.00000
   0.02898   0.03067   0.01337   1.00000

K =

   0.006425  -0.026831  -0.048015   0.000000
  -0.026831  -0.033421   0.033595   0.000000
  -0.048015   0.033595  -0.017131   0.000000
   0.028976   0.030672   0.013367   0.044127

K =

   0.006425  -0.026831  -0.048015   0.028976
  -0.026831  -0.033421   0.033595   0.000000
  -0.048015   0.033595  -0.017131   0.000000
   0.028976   0.030672   0.013367   0.044127

K =

   0.006425  -0.026831  -0.048015   0.028976
  -0.026831  -0.033421   0.033595   0.030672
  -0.048015   0.033595  -0.017131   0.000000
   0.028976   0.030672   0.013367   0.044127

K =

   0.0064250  -0.0268310  -0.0480153   0.0289759
  -0.0268310  -0.0334209   0.0335950   0.0306719
  -0.0480153   0.0335950  -0.0171312   0.0133672
   0.0289759   0.0306719   0.0133672   0.0441271

retval =

   0.10280  -0.42930  -0.76824   0.46361
  -0.42930  -0.53473   0.53752   0.49075
  -0.76824   0.53752  -0.27410   0.21388
   0.46361   0.49075   0.21388   0.70603

delta_K_k1 =

   0.10280  -0.42930  -0.76824   0.46361
  -0.42930  -0.53473   0.53752   0.49075
  -0.76824   0.53752  -0.27410   0.21388
   0.46361   0.49075   0.21388   0.70603

n =  1
mi_k1 =  0.0019472
a1 =

Diagonal Matrix

   2.5015        0        0
        0   2.5015        0
        0        0   2.5015

a2 =

   0.57106  -0.30310  -0.54241
  -0.30310   0.12094   0.37951
  -0.54241   0.37951   0.30496

res =

Diagonal Matrix

   1   0   0
   0   1   0
   0   0   1

res =

Diagonal Matrix

   0   0   0
   0   1   0
   0   0   1

res =

   0.00000   0.00000   0.00000
   0.83275   1.00000   0.00000
   0.00000   0.00000   1.00000

res =

   0.00000   0.00000   0.00000
   0.83275   1.00000   0.00000
  -0.14249   0.00000   1.00000

res =

   0.00000  -0.83275   0.00000
   0.83275   1.00000   0.00000
  -0.14249   0.00000   1.00000

res =

   0.00000  -0.83275   0.00000
   0.83275   0.00000   0.00000
  -0.14249   0.00000   1.00000

res =

   0.00000  -0.83275   0.00000
   0.83275   0.00000   0.00000
  -0.14249  -0.53500   1.00000

res =

   0.00000  -0.83275   0.14249
   0.83275   0.00000   0.00000
  -0.14249  -0.53500   1.00000

res =

   0.00000  -0.83275   0.14249
   0.83275   0.00000   0.53500
  -0.14249  -0.53500   1.00000

res =

   0.00000  -0.83275   0.14249
   0.83275   0.00000   0.53500
  -0.14249  -0.53500   0.00000

retval =

   0.00000  -0.83275   0.14249
   0.83275   0.00000   0.53500
  -0.14249  -0.53500   0.00000

res =

Diagonal Matrix

   1   0   0
   0   1   0
   0   0   1

res =

Diagonal Matrix

   0   0   0
   0   1   0
   0   0   1

res =

   0.00000   0.00000   0.00000
   0.83275   1.00000   0.00000
   0.00000   0.00000   1.00000

res =

   0.00000   0.00000   0.00000
   0.83275   1.00000   0.00000
  -0.14249   0.00000   1.00000

res =

   0.00000  -0.83275   0.00000
   0.83275   1.00000   0.00000
  -0.14249   0.00000   1.00000

res =

   0.00000  -0.83275   0.00000
   0.83275   0.00000   0.00000
  -0.14249   0.00000   1.00000

res =

   0.00000  -0.83275   0.00000
   0.83275   0.00000   0.00000
  -0.14249  -0.53500   1.00000

res =

   0.00000  -0.83275   0.14249
   0.83275   0.00000   0.00000
  -0.14249  -0.53500   1.00000

res =

   0.00000  -0.83275   0.14249
   0.83275   0.00000   0.53500
  -0.14249  -0.53500   1.00000

res =

   0.00000  -0.83275   0.14249
   0.83275   0.00000   0.53500
  -0.14249  -0.53500   0.00000

retval =

   0.00000  -0.83275   0.14249
   0.83275   0.00000   0.53500
  -0.14249  -0.53500   0.00000

a3 =

   0.214938   0.227519   0.099156
   0.227519   0.240836   0.104960
   0.099156   0.104960   0.045743

retval =

   0.00640146  -0.00014717  -0.00086310
  -0.00014717   0.00557541   0.00094335
  -0.00086310   0.00094335   0.00555384

R11 =

   0.00640146  -0.00014717  -0.00086310
  -0.00014717   0.00557541   0.00094335
  -0.00086310   0.00094335   0.00555384

retval =

   0   0   0

R12 =

   0   0   0

retval =

   0
   0
   0

R21 =

   0
   0
   0

retval =  0.0038944
R22 =  0.0038944
res =

Diagonal Matrix

   1   0   0   0
   0   1   0   0
   0   0   1   0
   0   0   0   1

res =

Diagonal Matrix

   0.0064015           0           0           0
           0   1.0000000           0           0
           0           0   1.0000000           0
           0           0           0   1.0000000

res =

   0.00640   0.00000   0.00000   0.00000
  -0.00015   1.00000   0.00000   0.00000
   0.00000   0.00000   1.00000   0.00000
   0.00000   0.00000   0.00000   1.00000

res =

   0.00640   0.00000   0.00000   0.00000
  -0.00015   1.00000   0.00000   0.00000
  -0.00086   0.00000   1.00000   0.00000
   0.00000   0.00000   0.00000   1.00000

res =

   0.00640  -0.00015   0.00000   0.00000
  -0.00015   1.00000   0.00000   0.00000
  -0.00086   0.00000   1.00000   0.00000
   0.00000   0.00000   0.00000   1.00000

res =

   0.00640  -0.00015   0.00000   0.00000
  -0.00015   0.00558   0.00000   0.00000
  -0.00086   0.00000   1.00000   0.00000
   0.00000   0.00000   0.00000   1.00000

res =

   0.00640  -0.00015   0.00000   0.00000
  -0.00015   0.00558   0.00000   0.00000
  -0.00086   0.00094   1.00000   0.00000
   0.00000   0.00000   0.00000   1.00000

res =

   0.00640  -0.00015  -0.00086   0.00000
  -0.00015   0.00558   0.00000   0.00000
  -0.00086   0.00094   1.00000   0.00000
   0.00000   0.00000   0.00000   1.00000

res =

   0.00640  -0.00015  -0.00086   0.00000
  -0.00015   0.00558   0.00094   0.00000
  -0.00086   0.00094   1.00000   0.00000
   0.00000   0.00000   0.00000   1.00000

res =

   0.00640  -0.00015  -0.00086   0.00000
  -0.00015   0.00558   0.00094   0.00000
  -0.00086   0.00094   0.00555   0.00000
   0.00000   0.00000   0.00000   1.00000

res =

   0.00640  -0.00015  -0.00086   0.00000
  -0.00015   0.00558   0.00094   0.00000
  -0.00086   0.00094   0.00555   0.00000
   0.00000   0.00000   0.00000   1.00000

res =

   0.00640  -0.00015  -0.00086   0.00000
  -0.00015   0.00558   0.00094   0.00000
  -0.00086   0.00094   0.00555   0.00000
   0.00000   0.00000   0.00000   1.00000

res =

   0.00640  -0.00015  -0.00086   0.00000
  -0.00015   0.00558   0.00094   0.00000
  -0.00086   0.00094   0.00555   0.00000
   0.00000   0.00000   0.00000   1.00000

res =

   0.00640  -0.00015  -0.00086   0.00000
  -0.00015   0.00558   0.00094   0.00000
  -0.00086   0.00094   0.00555   0.00000
   0.00000   0.00000   0.00000   1.00000

res =

   0.00640  -0.00015  -0.00086   0.00000
  -0.00015   0.00558   0.00094   0.00000
  -0.00086   0.00094   0.00555   0.00000
   0.00000   0.00000   0.00000   1.00000

res =

   0.00640  -0.00015  -0.00086   0.00000
  -0.00015   0.00558   0.00094   0.00000
  -0.00086   0.00094   0.00555   0.00000
   0.00000   0.00000   0.00000   1.00000

res =

   0.0064015  -0.0001472  -0.0008631   0.0000000
  -0.0001472   0.0055754   0.0009434   0.0000000
  -0.0008631   0.0009434   0.0055538   0.0000000
   0.0000000   0.0000000   0.0000000   0.0038944

retval =

   0.0064015  -0.0001472  -0.0008631   0.0000000
  -0.0001472   0.0055754   0.0009434   0.0000000
  -0.0008631   0.0009434   0.0055538   0.0000000
   0.0000000   0.0000000   0.0000000   0.0038944

retval =

   0.0064015  -0.0001472  -0.0008631   0.0000000
  -0.0001472   0.0055754   0.0009434   0.0000000
  -0.0008631   0.0009434   0.0055538   0.0000000
   0.0000000   0.0000000   0.0000000   0.0038944

R_k1 =

   0.0064015  -0.0001472  -0.0008631   0.0000000
  -0.0001472   0.0055754   0.0009434   0.0000000
  -0.0008631   0.0009434   0.0055538   0.0000000
   0.0000000   0.0000000   0.0000000   0.0038944

ref_k1_eps =

  -0.53500
   0.14249
   0.83275

rad =  0.016667
out = 0
retval =  0.00029089
out =  0.00029089
retval =  0.00029089
obs_k1_eps =  0.00029089
retval =

  -0.000155624   0.000041448   0.000242238

B_k1_eps =

  -0.000155624   0.000041448   0.000242238

retval =

  -0.000311248  -0.000114176   0.000086614
  -0.000114176   0.000082896   0.000283686
   0.000086614   0.000283686   0.000484475

S_k1_eps =

  -0.000311248  -0.000114176   0.000086614
  -0.000114176   0.000082896   0.000283686
   0.000086614   0.000283686   0.000484475

retval = -0.00015562
sigma_k1_eps = -0.00015562
eta_k1 =  0.000000024219
retval =

   5.8552e-20   9.4482e-21   8.7106e-20
  -5.0743e-20   5.7508e-21  -3.2486e-20
  -1.0834e-20  -7.5165e-21   4.6676e-21

M_k1 =

   5.8552e-20   9.4482e-21   8.7106e-20
  -5.0743e-20   5.7508e-21  -3.2486e-20
  -1.0834e-20  -7.5165e-21   4.6676e-21

v =

   0.0000e+00  -6.0191e-20  -9.7940e-20
   6.0191e-20   0.0000e+00   2.4969e-20
   9.7940e-20  -2.4969e-20   0.0000e+00

retval =

  -2.4969e-20
  -9.7940e-20
   6.0191e-20

y_k1 =

  -2.4969e-20
  -9.7940e-20
   6.0191e-20

p1 = 0
p2 =

  -0.00111267   0.00088620   0.00037846
   0.00088620  -0.00039313  -0.00101894
   0.00037846  -0.00101894   0.00151764

retval =

  -0.000000000053895   0.000000000042926   0.000000000018332
   0.000000000042926  -0.000000000019042  -0.000000000049355
   0.000000000018332  -0.000000000049355   0.000000000073511

Q11_k1 =

  -0.000000000053895   0.000000000042926   0.000000000018332
   0.000000000042926  -0.000000000019042  -0.000000000049355
   0.000000000018332  -0.000000000049355   0.000000000073511

y =

  -2.4969e-20
  -9.7940e-20
   6.0191e-20

retval =

  -6.3766e-28
   2.5349e-27
   1.4938e-27

Q12_k1 =

  -6.3766e-28
   2.5349e-27
   1.4938e-27

retval =

  -6.3766e-28   2.5349e-27   1.4938e-27

Q21_k1 =

  -6.3766e-28   2.5349e-27   1.4938e-27

retval =  0.00000000018921
Q22_k1 =  0.00000000018921
res =

Diagonal Matrix

   1   0   0   0
   0   1   0   0
   0   0   1   0
   0   0   0   1

res =

Diagonal Matrix

  -0.000000000053895                   0                   0                   0
                   0   1.000000000000000                   0                   0
                   0                   0   1.000000000000000                   0
                   0                   0                   0   1.000000000000000

res =

  -0.00000   0.00000   0.00000   0.00000
   0.00000   1.00000   0.00000   0.00000
   0.00000   0.00000   1.00000   0.00000
   0.00000   0.00000   0.00000   1.00000

res =

  -0.00000   0.00000   0.00000   0.00000
   0.00000   1.00000   0.00000   0.00000
   0.00000   0.00000   1.00000   0.00000
   0.00000   0.00000   0.00000   1.00000

res =

  -0.00000   0.00000   0.00000   0.00000
   0.00000   1.00000   0.00000   0.00000
   0.00000   0.00000   1.00000   0.00000
   0.00000   0.00000   0.00000   1.00000

res =

  -0.00000   0.00000   0.00000   0.00000
   0.00000  -0.00000   0.00000   0.00000
   0.00000   0.00000   1.00000   0.00000
   0.00000   0.00000   0.00000   1.00000

res =

  -0.00000   0.00000   0.00000   0.00000
   0.00000  -0.00000   0.00000   0.00000
   0.00000  -0.00000   1.00000   0.00000
   0.00000   0.00000   0.00000   1.00000

res =

  -0.00000   0.00000   0.00000   0.00000
   0.00000  -0.00000   0.00000   0.00000
   0.00000  -0.00000   1.00000   0.00000
   0.00000   0.00000   0.00000   1.00000

res =

  -0.00000   0.00000   0.00000   0.00000
   0.00000  -0.00000  -0.00000   0.00000
   0.00000  -0.00000   1.00000   0.00000
   0.00000   0.00000   0.00000   1.00000

res =

  -0.00000   0.00000   0.00000   0.00000
   0.00000  -0.00000  -0.00000   0.00000
   0.00000  -0.00000   0.00000   0.00000
   0.00000   0.00000   0.00000   1.00000

res =

  -0.00000   0.00000   0.00000  -0.00000
   0.00000  -0.00000  -0.00000   0.00000
   0.00000  -0.00000   0.00000   0.00000
   0.00000   0.00000   0.00000   1.00000

res =

  -0.00000   0.00000   0.00000  -0.00000
   0.00000  -0.00000  -0.00000   0.00000
   0.00000  -0.00000   0.00000   0.00000
   0.00000   0.00000   0.00000   1.00000

res =

  -0.00000   0.00000   0.00000  -0.00000
   0.00000  -0.00000  -0.00000   0.00000
   0.00000  -0.00000   0.00000   0.00000
   0.00000   0.00000   0.00000   1.00000

res =

  -0.00000   0.00000   0.00000  -0.00000
   0.00000  -0.00000  -0.00000   0.00000
   0.00000  -0.00000   0.00000   0.00000
  -0.00000   0.00000   0.00000   1.00000

res =

  -0.00000   0.00000   0.00000  -0.00000
   0.00000  -0.00000  -0.00000   0.00000
   0.00000  -0.00000   0.00000   0.00000
  -0.00000   0.00000   0.00000   1.00000

res =

  -5.3895e-11   4.2926e-11   1.8332e-11  -6.3766e-28
   4.2926e-11  -1.9042e-11  -4.9355e-11   2.5349e-27
   1.8332e-11  -4.9355e-11   7.3511e-11   1.4938e-27
  -6.3766e-28   2.5349e-27   1.4938e-27   1.0000e+00

res =

  -5.3895e-11   4.2926e-11   1.8332e-11  -6.3766e-28
   4.2926e-11  -1.9042e-11  -4.9355e-11   2.5349e-27
   1.8332e-11  -4.9355e-11   7.3511e-11   1.4938e-27
  -6.3766e-28   2.5349e-27   1.4938e-27   1.8921e-10

retval =

  -5.3895e-11   4.2926e-11   1.8332e-11  -6.3766e-28
   4.2926e-11  -1.9042e-11  -4.9355e-11   2.5349e-27
   1.8332e-11  -4.9355e-11   7.3511e-11   1.4938e-27
  -6.3766e-28   2.5349e-27   1.4938e-27   1.8921e-10

Q_k1 =

  -5.3895e-11   4.2926e-11   1.8332e-11  -6.3766e-28
   4.2926e-11  -1.9042e-11  -4.9355e-11   2.5349e-27
   1.8332e-11  -4.9355e-11   7.3511e-11   1.4938e-27
  -6.3766e-28   2.5349e-27   1.4938e-27   1.8921e-10

retval =

  -0.040632  -0.354458  -0.801947   0.479154
  -0.354458  -0.573949   0.559424   0.481651
  -0.801947   0.559424  -0.095015   0.186810
   0.479154   0.481651   0.186810   0.709596

K_k1_k =

  -0.040632  -0.354458  -0.801947   0.479154
  -0.354458  -0.573949   0.559424   0.481651
  -0.801947   0.559424  -0.095015   0.186810
   0.479154   0.481651   0.186810   0.709596

retval =

   0.0063229181  -0.0000437471  -0.0009611756   0.0000052425
  -0.0000437471   0.0055910418   0.0009586202  -0.0000052285
  -0.0009611756   0.0009586202   0.0058634168  -0.0000104026
   0.0000052425  -0.0000052285  -0.0000104026   0.0039562137

P_k1_k =

   0.0063229181  -0.0000437471  -0.0009611756   0.0000052425
  -0.0000437471   0.0055910418   0.0009586202  -0.0000052285
  -0.0009611756   0.0009586202   0.0058634168  -0.0000104026
   0.0000052425  -0.0000052285  -0.0000104026   0.0039562137

p_tr =  0.021734
a =  0.000084897
b =  0.00016859
retval =  0.50357
rho_k1 =  0.50357
retval =  0.062500
m_k1 =  0.062500
a =

  -0.020171  -0.175962  -0.398108   0.237865
  -0.175962  -0.284923   0.277713   0.239104
  -0.398108   0.277713  -0.047168   0.092737
   0.237865   0.239104   0.092737   0.352262

b =

   0.051767  -0.216182  -0.386868   0.233464
  -0.216182  -0.269278   0.270681   0.247129
  -0.386868   0.270681  -0.138029   0.107702
   0.233464   0.247129   0.107702   0.355540

retval =

   0.031596  -0.392145  -0.784975   0.471328
  -0.392145  -0.554201   0.548394   0.486233
  -0.784975   0.548394  -0.185197   0.200440
   0.471328   0.486233   0.200440   0.707802

K_k1_k1 =

   0.031596  -0.392145  -0.784975   0.471328
  -0.392145  -0.554201   0.548394   0.486233
  -0.784975   0.548394  -0.185197   0.200440
   0.471328   0.486233   0.200440   0.707802

a =  0.24644
b =  0.25359
retval =

   0.0031815371  -0.0000481007  -0.0004557410   0.0000012919
  -0.0000481007   0.0027917001   0.0004754633  -0.0000012885
  -0.0004557410   0.0004754633   0.0028533547  -0.0000025636
   0.0000012919  -0.0000012885  -0.0000025636   0.0019625332

P_k1_k1 =

   0.0031815371  -0.0000481007  -0.0004557410   0.0000012919
  -0.0000481007   0.0027917001   0.0004754633  -0.0000012885
  -0.0004557410   0.0004754633   0.0028533547  -0.0000025636
   0.0000012919  -0.0000012885  -0.0000025636   0.0019625332

ref_k1 =

  -0.591662
   0.022381
   0.805875

obs_k1 =

  -0.83699
   0.49664
   0.22977

retval =

   0.03095108  -0.00117079  -0.04215700
  -0.01836505   0.00069469   0.02501416
  -0.00849671   0.00032140   0.01157296

B_k1 =

   0.03095108  -0.00117079  -0.04215700
  -0.01836505   0.00069469   0.02501416
  -0.00849671   0.00032140   0.01157296

retval =

   0.0619022  -0.0195358  -0.0506537
  -0.0195358   0.0013894   0.0253356
  -0.0506537   0.0253356   0.0231459

S_k1 =

   0.0619022  -0.0195358  -0.0506537
  -0.0195358   0.0013894   0.0253356
  -0.0506537   0.0253356   0.0231459

retval =

   0.024693
   0.033660
   0.017194

Z_k1 =

   0.024693
   0.033660
   0.017194

retval =  0.043219
sigma_k1 =  0.043219
K =

Diagonal Matrix

   1   0   0   0
   0   1   0   0
   0   0   1   0
   0   0   0   1

q1 =

   0.018683  -0.019536  -0.050654
  -0.019536  -0.041829   0.025336
  -0.050654   0.025336  -0.020073

K =

Diagonal Matrix

   0.018683          0          0          0
          0   1.000000          0          0
          0          0   1.000000          0
          0          0          0   1.000000

K =

   0.01868   0.00000   0.00000   0.00000
  -0.01954   1.00000   0.00000   0.00000
   0.00000   0.00000   1.00000   0.00000
   0.00000   0.00000   0.00000   1.00000

K =

   0.01868   0.00000   0.00000   0.00000
  -0.01954   1.00000   0.00000   0.00000
  -0.05065   0.00000   1.00000   0.00000
   0.00000   0.00000   0.00000   1.00000

K =

   0.01868  -0.01954   0.00000   0.00000
  -0.01954   1.00000   0.00000   0.00000
  -0.05065   0.00000   1.00000   0.00000
   0.00000   0.00000   0.00000   1.00000

K =

   0.01868  -0.01954   0.00000   0.00000
  -0.01954  -0.04183   0.00000   0.00000
  -0.05065   0.00000   1.00000   0.00000
   0.00000   0.00000   0.00000   1.00000

K =

   0.01868  -0.01954   0.00000   0.00000
  -0.01954  -0.04183   0.00000   0.00000
  -0.05065   0.02534   1.00000   0.00000
   0.00000   0.00000   0.00000   1.00000

K =

   0.01868  -0.01954  -0.05065   0.00000
  -0.01954  -0.04183   0.00000   0.00000
  -0.05065   0.02534   1.00000   0.00000
   0.00000   0.00000   0.00000   1.00000

K =

   0.01868  -0.01954  -0.05065   0.00000
  -0.01954  -0.04183   0.02534   0.00000
  -0.05065   0.02534   1.00000   0.00000
   0.00000   0.00000   0.00000   1.00000

K =

   0.01868  -0.01954  -0.05065   0.00000
  -0.01954  -0.04183   0.02534   0.00000
  -0.05065   0.02534  -0.02007   0.00000
   0.00000   0.00000   0.00000   1.00000

K =

   0.01868  -0.01954  -0.05065   0.00000
  -0.01954  -0.04183   0.02534   0.00000
  -0.05065   0.02534  -0.02007   0.00000
   0.02469   0.00000   0.00000   1.00000

K =

   0.01868  -0.01954  -0.05065   0.00000
  -0.01954  -0.04183   0.02534   0.00000
  -0.05065   0.02534  -0.02007   0.00000
   0.02469   0.03366   0.00000   1.00000

K =

   0.01868  -0.01954  -0.05065   0.00000
  -0.01954  -0.04183   0.02534   0.00000
  -0.05065   0.02534  -0.02007   0.00000
   0.02469   0.03366   0.01719   1.00000

K =

   0.018683  -0.019536  -0.050654   0.000000
  -0.019536  -0.041829   0.025336   0.000000
  -0.050654   0.025336  -0.020073   0.000000
   0.024693   0.033660   0.017194   0.043219

K =

   0.018683  -0.019536  -0.050654   0.024693
  -0.019536  -0.041829   0.025336   0.000000
  -0.050654   0.025336  -0.020073   0.000000
   0.024693   0.033660   0.017194   0.043219

K =

   0.018683  -0.019536  -0.050654   0.024693
  -0.019536  -0.041829   0.025336   0.033660
  -0.050654   0.025336  -0.020073   0.000000
   0.024693   0.033660   0.017194   0.043219

K =

   0.018683  -0.019536  -0.050654   0.024693
  -0.019536  -0.041829   0.025336   0.033660
  -0.050654   0.025336  -0.020073   0.017194
   0.024693   0.033660   0.017194   0.043219

retval =

   0.29893  -0.31257  -0.81046   0.39508
  -0.31257  -0.66927   0.40537   0.53856
  -0.81046   0.40537  -0.32117   0.27511
   0.39508   0.53856   0.27511   0.69150

delta_K_k1 =

   0.29893  -0.31257  -0.81046   0.39508
  -0.31257  -0.66927   0.40537   0.53856
  -0.81046   0.40537  -0.32117   0.27511
   0.39508   0.53856   0.27511   0.69150

n =  1
mi_k1 =  0.0018679
a1 =

Diagonal Matrix

   2.5218        0        0
        0   2.5218        0
        0        0   2.5218

a2 =

   0.684885  -0.216144  -0.560433
  -0.216144   0.015372   0.280313
  -0.560433   0.280313   0.256086

res =

Diagonal Matrix

   1   0   0
   0   1   0
   0   0   1

res =

Diagonal Matrix

   0   0   0
   0   1   0
   0   0   1

res =

   0.00000   0.00000   0.00000
   0.80588   1.00000   0.00000
   0.00000   0.00000   1.00000

res =

   0.00000   0.00000   0.00000
   0.80588   1.00000   0.00000
  -0.02238   0.00000   1.00000

res =

   0.00000  -0.80588   0.00000
   0.80588   1.00000   0.00000
  -0.02238   0.00000   1.00000

res =

   0.00000  -0.80588   0.00000
   0.80588   0.00000   0.00000
  -0.02238   0.00000   1.00000

res =

   0.00000  -0.80588   0.00000
   0.80588   0.00000   0.00000
  -0.02238  -0.59166   1.00000

res =

   0.00000  -0.80588   0.02238
   0.80588   0.00000   0.00000
  -0.02238  -0.59166   1.00000

res =

   0.00000  -0.80588   0.02238
   0.80588   0.00000   0.59166
  -0.02238  -0.59166   1.00000

res =

   0.00000  -0.80588   0.02238
   0.80588   0.00000   0.59166
  -0.02238  -0.59166   0.00000

retval =

   0.00000  -0.80588   0.02238
   0.80588   0.00000   0.59166
  -0.02238  -0.59166   0.00000

res =

Diagonal Matrix

   1   0   0
   0   1   0
   0   0   1

res =

Diagonal Matrix

   0   0   0
   0   1   0
   0   0   1

res =

   0.00000   0.00000   0.00000
   0.80588   1.00000   0.00000
   0.00000   0.00000   1.00000

res =

   0.00000   0.00000   0.00000
   0.80588   1.00000   0.00000
  -0.02238   0.00000   1.00000

res =

   0.00000  -0.80588   0.00000
   0.80588   1.00000   0.00000
  -0.02238   0.00000   1.00000

res =

   0.00000  -0.80588   0.00000
   0.80588   0.00000   0.00000
  -0.02238   0.00000   1.00000

res =

   0.00000  -0.80588   0.00000
   0.80588   0.00000   0.00000
  -0.02238  -0.59166   1.00000

res =

   0.00000  -0.80588   0.02238
   0.80588   0.00000   0.00000
  -0.02238  -0.59166   1.00000

res =

   0.00000  -0.80588   0.02238
   0.80588   0.00000   0.59166
  -0.02238  -0.59166   1.00000

res =

   0.00000  -0.80588   0.02238
   0.80588   0.00000   0.59166
  -0.02238  -0.59166   0.00000

retval =

   0.00000  -0.80588   0.02238
   0.80588   0.00000   0.59166
  -0.02238  -0.59166   0.00000

a3 =

   0.156091   0.212778   0.108691
   0.212778   0.290052   0.148164
   0.108691   0.148164   0.075685

retval =

   0.0062812472  -0.0000062874  -0.0008437898
  -0.0000062874   0.0052809097   0.0008003335
  -0.0008437898   0.0008003335   0.0053301221

R11 =

   0.0062812472  -0.0000062874  -0.0008437898
  -0.0000062874   0.0052809097   0.0008003335
  -0.0008437898   0.0008003335   0.0053301221

retval =

   0   0   0

R12 =

   0   0   0

retval =

   0
   0
   0

R21 =

   0
   0
   0

retval =  0.0037357
R22 =  0.0037357
res =

Diagonal Matrix

   1   0   0   0
   0   1   0   0
   0   0   1   0
   0   0   0   1

res =

Diagonal Matrix

   0.0062812           0           0           0
           0   1.0000000           0           0
           0           0   1.0000000           0
           0           0           0   1.0000000

res =

   0.00628   0.00000   0.00000   0.00000
  -0.00001   1.00000   0.00000   0.00000
   0.00000   0.00000   1.00000   0.00000
   0.00000   0.00000   0.00000   1.00000

res =

   0.00628   0.00000   0.00000   0.00000
  -0.00001   1.00000   0.00000   0.00000
  -0.00084   0.00000   1.00000   0.00000
   0.00000   0.00000   0.00000   1.00000

res =

   0.00628  -0.00001   0.00000   0.00000
  -0.00001   1.00000   0.00000   0.00000
  -0.00084   0.00000   1.00000   0.00000
   0.00000   0.00000   0.00000   1.00000

res =

   0.00628  -0.00001   0.00000   0.00000
  -0.00001   0.00528   0.00000   0.00000
  -0.00084   0.00000   1.00000   0.00000
   0.00000   0.00000   0.00000   1.00000

res =

   0.00628  -0.00001   0.00000   0.00000
  -0.00001   0.00528   0.00000   0.00000
  -0.00084   0.00080   1.00000   0.00000
   0.00000   0.00000   0.00000   1.00000

res =

   0.00628  -0.00001  -0.00084   0.00000
  -0.00001   0.00528   0.00000   0.00000
  -0.00084   0.00080   1.00000   0.00000
   0.00000   0.00000   0.00000   1.00000

res =

   0.00628  -0.00001  -0.00084   0.00000
  -0.00001   0.00528   0.00080   0.00000
  -0.00084   0.00080   1.00000   0.00000
   0.00000   0.00000   0.00000   1.00000

res =

   0.00628  -0.00001  -0.00084   0.00000
  -0.00001   0.00528   0.00080   0.00000
  -0.00084   0.00080   0.00533   0.00000
   0.00000   0.00000   0.00000   1.00000

res =

   0.00628  -0.00001  -0.00084   0.00000
  -0.00001   0.00528   0.00080   0.00000
  -0.00084   0.00080   0.00533   0.00000
   0.00000   0.00000   0.00000   1.00000

res =

   0.00628  -0.00001  -0.00084   0.00000
  -0.00001   0.00528   0.00080   0.00000
  -0.00084   0.00080   0.00533   0.00000
   0.00000   0.00000   0.00000   1.00000

res =

   0.00628  -0.00001  -0.00084   0.00000
  -0.00001   0.00528   0.00080   0.00000
  -0.00084   0.00080   0.00533   0.00000
   0.00000   0.00000   0.00000   1.00000

res =

   0.00628  -0.00001  -0.00084   0.00000
  -0.00001   0.00528   0.00080   0.00000
  -0.00084   0.00080   0.00533   0.00000
   0.00000   0.00000   0.00000   1.00000

res =

   0.00628  -0.00001  -0.00084   0.00000
  -0.00001   0.00528   0.00080   0.00000
  -0.00084   0.00080   0.00533   0.00000
   0.00000   0.00000   0.00000   1.00000

res =

   0.00628  -0.00001  -0.00084   0.00000
  -0.00001   0.00528   0.00080   0.00000
  -0.00084   0.00080   0.00533   0.00000
   0.00000   0.00000   0.00000   1.00000

res =

   0.0062812  -0.0000063  -0.0008438   0.0000000
  -0.0000063   0.0052809   0.0008003   0.0000000
  -0.0008438   0.0008003   0.0053301   0.0000000
   0.0000000   0.0000000   0.0000000   0.0037357

retval =

   0.0062812  -0.0000063  -0.0008438   0.0000000
  -0.0000063   0.0052809   0.0008003   0.0000000
  -0.0008438   0.0008003   0.0053301   0.0000000
   0.0000000   0.0000000   0.0000000   0.0037357

retval =

   0.0062812  -0.0000063  -0.0008438   0.0000000
  -0.0000063   0.0052809   0.0008003   0.0000000
  -0.0008438   0.0008003   0.0053301   0.0000000
   0.0000000   0.0000000   0.0000000   0.0037357

R_k1 =

   0.0062812  -0.0000063  -0.0008438   0.0000000
  -0.0000063   0.0052809   0.0008003   0.0000000
  -0.0008438   0.0008003   0.0053301   0.0000000
   0.0000000   0.0000000   0.0000000   0.0037357

ref_k1_eps =

  -0.591662
   0.022381
   0.805875

rad =  0.016667
out = 0
retval =  0.00029089
out =  0.00029089
retval =  0.00029089
obs_k1_eps =  0.00029089
retval =

  -0.0001721076   0.0000065103   0.0002344196

B_k1_eps =

  -0.0001721076   0.0000065103   0.0002344196

retval =

  -0.000344215  -0.000165597   0.000062312
  -0.000165597   0.000013021   0.000240930
   0.000062312   0.000240930   0.000468839

S_k1_eps =

  -0.000344215  -0.000165597   0.000062312
  -0.000165597   0.000013021   0.000240930
   0.000062312   0.000240930   0.000468839

retval = -0.00017211
sigma_k1_eps = -0.00017211
eta_k1 =  0.000000029621
retval =

   1.6464e-20  -5.3740e-21  -1.1984e-19
  -3.9829e-20  -1.9020e-22   2.4225e-20
  -8.7237e-21   1.1926e-21  -9.6410e-21

M_k1 =

   1.6464e-20  -5.3740e-21  -1.1984e-19
  -3.9829e-20  -1.9020e-22   2.4225e-20
  -8.7237e-21   1.1926e-21  -9.6410e-21

v =

   0.0000e+00  -3.4455e-20   1.1112e-19
   3.4455e-20   0.0000e+00  -2.3033e-20
  -1.1112e-19   2.3033e-20   0.0000e+00

retval =

   2.3033e-20
   1.1112e-19
   3.4455e-20

y_k1 =

   2.3033e-20
   1.1112e-19
   3.4455e-20

p1 =   -8.6736e-19
p2 =

  -0.001307895   0.000792588   0.000326666
   0.000792588  -0.000058091  -0.001024518
   0.000326666  -0.001024518   0.001536517

retval =

  -7.7482e-11   4.6955e-11   1.9352e-11
   4.6955e-11  -3.4414e-12  -6.0695e-11
   1.9352e-11  -6.0695e-11   9.1026e-11

Q11_k1 =

  -7.7482e-11   4.6955e-11   1.9352e-11
   4.6955e-11  -3.4414e-12  -6.0695e-11
   1.9352e-11  -6.0695e-11   9.1026e-11

y =

   2.3033e-20
   1.1112e-19
   3.4455e-20

retval =

  -2.9469e-27
  -3.2007e-27
   3.9182e-27

Q12_k1 =

  -2.9469e-27
  -3.2007e-27
   3.9182e-27

retval =

  -2.9469e-27  -3.2007e-27   3.9182e-27

Q21_k1 =

  -2.9469e-27  -3.2007e-27   3.9182e-27

retval =  0.00000000023141
Q22_k1 =  0.00000000023141
res =

Diagonal Matrix

   1   0   0   0
   0   1   0   0
   0   0   1   0
   0   0   0   1

res =

Diagonal Matrix

  -0.000000000077482                   0                   0                   0
                   0   1.000000000000000                   0                   0
                   0                   0   1.000000000000000                   0
                   0                   0                   0   1.000000000000000

res =

  -0.00000   0.00000   0.00000   0.00000
   0.00000   1.00000   0.00000   0.00000
   0.00000   0.00000   1.00000   0.00000
   0.00000   0.00000   0.00000   1.00000

res =

  -0.00000   0.00000   0.00000   0.00000
   0.00000   1.00000   0.00000   0.00000
   0.00000   0.00000   1.00000   0.00000
   0.00000   0.00000   0.00000   1.00000

res =

  -0.00000   0.00000   0.00000   0.00000
   0.00000   1.00000   0.00000   0.00000
   0.00000   0.00000   1.00000   0.00000
   0.00000   0.00000   0.00000   1.00000

res =

  -0.00000   0.00000   0.00000   0.00000
   0.00000  -0.00000   0.00000   0.00000
   0.00000   0.00000   1.00000   0.00000
   0.00000   0.00000   0.00000   1.00000

res =

  -0.00000   0.00000   0.00000   0.00000
   0.00000  -0.00000   0.00000   0.00000
   0.00000  -0.00000   1.00000   0.00000
   0.00000   0.00000   0.00000   1.00000

res =

  -0.00000   0.00000   0.00000   0.00000
   0.00000  -0.00000   0.00000   0.00000
   0.00000  -0.00000   1.00000   0.00000
   0.00000   0.00000   0.00000   1.00000

res =

  -0.00000   0.00000   0.00000   0.00000
   0.00000  -0.00000  -0.00000   0.00000
   0.00000  -0.00000   1.00000   0.00000
   0.00000   0.00000   0.00000   1.00000

res =

  -0.00000   0.00000   0.00000   0.00000
   0.00000  -0.00000  -0.00000   0.00000
   0.00000  -0.00000   0.00000   0.00000
   0.00000   0.00000   0.00000   1.00000

res =

  -0.00000   0.00000   0.00000  -0.00000
   0.00000  -0.00000  -0.00000   0.00000
   0.00000  -0.00000   0.00000   0.00000
   0.00000   0.00000   0.00000   1.00000

res =

  -0.00000   0.00000   0.00000  -0.00000
   0.00000  -0.00000  -0.00000  -0.00000
   0.00000  -0.00000   0.00000   0.00000
   0.00000   0.00000   0.00000   1.00000

res =

  -0.00000   0.00000   0.00000  -0.00000
   0.00000  -0.00000  -0.00000  -0.00000
   0.00000  -0.00000   0.00000   0.00000
   0.00000   0.00000   0.00000   1.00000

res =

  -0.00000   0.00000   0.00000  -0.00000
   0.00000  -0.00000  -0.00000  -0.00000
   0.00000  -0.00000   0.00000   0.00000
  -0.00000   0.00000   0.00000   1.00000

res =

  -0.00000   0.00000   0.00000  -0.00000
   0.00000  -0.00000  -0.00000  -0.00000
   0.00000  -0.00000   0.00000   0.00000
  -0.00000  -0.00000   0.00000   1.00000

res =

  -7.7482e-11   4.6955e-11   1.9352e-11  -2.9469e-27
   4.6955e-11  -3.4414e-12  -6.0695e-11  -3.2007e-27
   1.9352e-11  -6.0695e-11   9.1026e-11   3.9182e-27
  -2.9469e-27  -3.2007e-27   3.9182e-27   1.0000e+00

res =

  -7.7482e-11   4.6955e-11   1.9352e-11  -2.9469e-27
   4.6955e-11  -3.4414e-12  -6.0695e-11  -3.2007e-27
   1.9352e-11  -6.0695e-11   9.1026e-11   3.9182e-27
  -2.9469e-27  -3.2007e-27   3.9182e-27   2.3141e-10

retval =

  -7.7482e-11   4.6955e-11   1.9352e-11  -2.9469e-27
   4.6955e-11  -3.4414e-12  -6.0695e-11  -3.2007e-27
   1.9352e-11  -6.0695e-11   9.1026e-11   3.9182e-27
  -2.9469e-27  -3.2007e-27   3.9182e-27   2.3141e-10

Q_k1 =

  -7.7482e-11   4.6955e-11   1.9352e-11  -2.9469e-27
   4.6955e-11  -3.4414e-12  -6.0695e-11  -3.2007e-27
   1.9352e-11  -6.0695e-11   9.1026e-11   3.9182e-27
  -2.9469e-27  -3.2007e-27   3.9182e-27   2.3141e-10

retval =

  -0.040632  -0.354458  -0.801947   0.479154
  -0.354458  -0.573949   0.559424   0.481651
  -0.801947   0.559424  -0.095015   0.186810
   0.479154   0.481651   0.186810   0.709596

K_k1_k =

  -0.040632  -0.354458  -0.801947   0.479154
  -0.354458  -0.573949   0.559424   0.481651
  -0.801947   0.559424  -0.095015   0.186810
   0.479154   0.481651   0.186810   0.709596

retval =

   0.0063229181  -0.0000437471  -0.0009611756   0.0000052425
  -0.0000437471   0.0055910418   0.0009586202  -0.0000052285
  -0.0009611756   0.0009586202   0.0058634168  -0.0000104026
   0.0000052425  -0.0000052285  -0.0000104026   0.0039562138

P_k1_k =

   0.0063229181  -0.0000437471  -0.0009611756   0.0000052425
  -0.0000437471   0.0055910418   0.0009586202  -0.0000052285
  -0.0009611756   0.0009586202   0.0058634168  -0.0000104026
   0.0000052425  -0.0000052285  -0.0000104026   0.0039562138

p_tr =  0.021734
a =  0.000084897
b =  0.00016547
retval =  0.51305
rho_k1 =  0.51305
retval =  0.062500
m_k1 =  0.062500
a =

  -0.019786  -0.172604  -0.390509   0.233324
  -0.172604  -0.279485   0.272412   0.234540
  -0.390509   0.272412  -0.046267   0.090967
   0.233324   0.234540   0.090967   0.345538

b =

   0.15337  -0.16037  -0.41581   0.20270
  -0.16037  -0.34337   0.20797   0.27631
  -0.41581   0.20797  -0.16477   0.14114
   0.20270   0.27631   0.14114   0.35477

retval =

   0.13358  -0.33297  -0.80631   0.43602
  -0.33297  -0.62285   0.48039   0.51085
  -0.80631   0.48039  -0.21104   0.23211
   0.43602   0.51085   0.23211   0.70031

K_k1_k1 =

   0.13358  -0.33297  -0.80631   0.43602
  -0.33297  -0.62285   0.48039   0.51085
  -0.80631   0.48039  -0.21104   0.23211
   0.43602   0.51085   0.23211   0.70031

a =  0.23712
b =  0.26322
retval =

   0.0031526439  -0.0000120283  -0.0004500169   0.0000012431
  -0.0000120283   0.0027157922   0.0004379724  -0.0000012398
  -0.0004500169   0.0004379724   0.0027933316  -0.0000024667
   0.0000012431  -0.0000012398  -0.0000024667   0.0019214157

P_k1_k1 =

   0.0031526439  -0.0000120283  -0.0004500169   0.0000012431
  -0.0000120283   0.0027157922   0.0004379724  -0.0000012398
  -0.0004500169   0.0004379724   0.0027933316  -0.0000024667
   0.0000012431  -0.0000012398  -0.0000024667   0.0019214157

Q_k1 =

  -7.7482e-11   4.6955e-11   1.9352e-11  -2.9469e-27
   4.6955e-11  -3.4414e-12  -6.0695e-11  -3.2007e-27
   1.9352e-11  -6.0695e-11   9.1026e-11   3.9182e-27
  -2.9469e-27  -3.2007e-27   3.9182e-27   2.3141e-10

R_k1 =

   0.0062812  -0.0000063  -0.0008438   0.0000000
  -0.0000063   0.0052809   0.0008003   0.0000000
  -0.0008438   0.0008003   0.0053301   0.0000000
   0.0000000   0.0000000   0.0000000   0.0037357

P_k1_k1 =

   0.0031526439  -0.0000120283  -0.0004500169   0.0000012431
  -0.0000120283   0.0027157922   0.0004379724  -0.0000012398
  -0.0004500169   0.0004379724   0.0027933316  -0.0000024667
   0.0000012431  -0.0000012398  -0.0000024667   0.0019214157

------------------------------------------------------------
sigma_k1 =  0.043219
mi_k1 =  0.0018679
m_k =  0.062500
R_0_0 =

   0.0063234  -0.0000398  -0.0009664   0.0000000
  -0.0000398   0.0055906   0.0009534   0.0000000
  -0.0009664   0.0009534   0.0058635   0.0000000
   0.0000000   0.0000000   0.0000000   0.0039562

rho_k1 =  0.51305
FI_k =

   0.99999   0.00545   0.00000   0.00000
  -0.00545   0.99999   0.00000   0.00000
   0.00000   0.00000   0.99999   0.00545
   0.00000   0.00000  -0.00545   0.99999

K_k1_k =

  -0.040632  -0.354458  -0.801947   0.479154
  -0.354458  -0.573949   0.559424   0.481651
  -0.801947   0.559424  -0.095015   0.186810
   0.479154   0.481651   0.186810   0.709596

K_0_0 =

  -0.036782  -0.351529  -0.807574   0.472123
  -0.351529  -0.577799   0.552392   0.487277
  -0.807574   0.552392  -0.097029   0.182410
   0.472123   0.487277   0.182410   0.711609

K_k1_k1 =

   0.13358  -0.33297  -0.80631   0.43602
  -0.33297  -0.62285   0.48039   0.51085
  -0.80631   0.48039  -0.21104   0.23211
   0.43602   0.51085   0.23211   0.70031

------------------------------------------------------------
X =

   0.728688   0.191784  -0.642818  -0.137907
  -0.313105   0.299637  -0.434877   0.789345
  -0.606080   0.167395  -0.511442  -0.585724
   0.060385   0.919465   0.368911  -0.121833

Y =

Diagonal Matrix

   0.98343         0         0         0
         0   0.99999         0         0
         0         0  -0.98343         0
         0         0         0  -0.99999

W =

   0.728688   0.191784  -0.642818  -0.137907
  -0.313105   0.299637  -0.434877   0.789345
  -0.606080   0.167395  -0.511442  -0.585724
   0.060385   0.919465   0.368911  -0.121833

tmp =  0.99999
idx =  2
wq =  0.19178
x =  0.29964
y =  0.16740
z =  0.91946
q_11 = -0.74687
q_12 = -0.25236
q_13 =  0.61522
q_21 =  0.45299
q_22 = -0.87040
q_23 =  0.19290
q_31 =  0.48680
q_32 =  0.42276
q_33 =  0.76439
retval =

   0.76439   0.42276  -0.48680
  -0.19290   0.87040   0.45299
   0.61522  -0.25236   0.74687

XXX =

   0.76439   0.42276  -0.48680
  -0.19290   0.87040   0.45299
   0.61522  -0.25236   0.74687

------------------------------------------------------------
X =

   0.728688   0.191784  -0.642818  -0.137907
  -0.313105   0.299637  -0.434877   0.789345
  -0.606080   0.167395  -0.511442  -0.585724
   0.060385   0.919465   0.368911  -0.121833

Y =

Diagonal Matrix

   0.98343         0         0         0
         0   0.99999         0         0
         0         0  -0.98343         0
         0         0         0  -0.99999

W =

   0.728688   0.191784  -0.642818  -0.137907
  -0.313105   0.299637  -0.434877   0.789345
  -0.606080   0.167395  -0.511442  -0.585724
   0.060385   0.919465   0.368911  -0.121833

------------------------------------------------------------
rotM =

   0.75000   0.43301  -0.50000
  -0.21651   0.87500   0.43301
   0.62500  -0.21651   0.75000

------------------------------------------------------------
XXX =

   0.76439   0.42276  -0.48680
  -0.19290   0.87040   0.45299
   0.61522  -0.25236   0.74687

ans =

   0.9995699   0.0290082  -0.0043088
  -0.0291026   0.9992940  -0.0237587
   0.0036165   0.0238738   0.9997084

------------------------------------------------------------
ref_k1 =

  -0.591662
   0.022381
   0.805875

------------------------------------------------------------
  -0.83510
   0.49867
   0.23224
-
  -0.83699
   0.49664
   0.22977
----------
obs_k1 =

  -0.83699
   0.49664
   0.22977

   0.0018891
   0.0020297
   0.0024644
----------
----------
----------
K_k1_k1 =

   0.13358  -0.33297  -0.80631   0.43602
  -0.33297  -0.62285   0.48039   0.51085
  -0.80631   0.48039  -0.21104   0.23211
   0.43602   0.51085   0.23211   0.70031

P_k1_k1 =

   0.0031526439  -0.0000120283  -0.0004500169   0.0000012431
  -0.0000120283   0.0027157922   0.0004379724  -0.0000012398
  -0.0004500169   0.0004379724   0.0027933316  -0.0000024667
   0.0000012431  -0.0000012398  -0.0000024667   0.0019214157

R_k1 =

   0.0062812  -0.0000063  -0.0008438   0.0000000
  -0.0000063   0.0052809   0.0008003   0.0000000
  -0.0008438   0.0008003   0.0053301   0.0000000
   0.0000000   0.0000000   0.0000000   0.0037357

rho_k1 =  0.51305
m_k1 =  0.062500
m_k =  0.062500
delta_m_k1 =  0.062500
sigma_k1 =  0.043219
sigma_k1_eps = -0.00017211
rotM =

   0.75000   0.43301  -0.50000
  -0.21651   0.87500   0.43301
   0.62500  -0.21651   0.75000

rotMInv =

   0.75000  -0.21651   0.62500
   0.43301   0.87500  -0.21651
  -0.50000   0.43301   0.75000

XXX =

   0.76439   0.42276  -0.48680
  -0.19290   0.87040   0.45299
   0.61522  -0.25236   0.74687

   0.76439  -0.19290   0.61522
   0.42276   0.87040  -0.25236
  -0.48680   0.45299   0.74687
 1
   0.76439  -0.19290   0.61522
   0.42276   0.87040  -0.25236
  -0.48680   0.45299   0.74687
 1
   1.0000e+00  -4.4813e-17  -1.2657e-17
   1.2575e-17   1.0000e+00  -1.1324e-17
  -5.1187e-17   1.9698e-17   1.0000e+00
 1
   0.9997568  -0.0063738   0.0211122
   0.0057231   0.9995111   0.0307382
  -0.0212978  -0.0306098   0.9993045
sigma_0 =  0.044476
